14 0.034 0.6861861861861862 0.06 0.21921921921921922
14 0.088 0.6531531531531531 0.096 0.19519519519519518
14 0.124 0.6636636636636637 0.056 0.18618618618618618
14 0.17500000000000002 0.7072072072072072 0.05 0.26726726726726724
14 0.251 0.6441441441441441 0.07 0.2132132132132132
14 0.962 0.6501501501501501 0.032 0.10510510510510511
8 0.371 0.6531531531531531 0.046 0.12312312312312312
8 0.333 0.6486486486486487 0.054 0.13813813813813813
8 0.47200000000000003 0.6441441441441441 0.036000000000000004 0.11711711711711711
10 0.40800000000000003 0.6606606606606606 0.064 0.10810810810810811
