8 0.645 0.82 0.71 0.35466666666666663
14 0.734 0.6013333333333333 0.532 0.48266666666666663
14 0.731 0.5506666666666666 0.242 0.32266666666666666
14 0.594 0.5226666666666666 0.23600000000000002 0.2613333333333333
14 0.521 0.496 0.15 0.19733333333333333
14 0.222 0.5413333333333333 0.14 0.33599999999999997
14 0.179 0.588 0.354 0.8079999999999999
14 0.705 0.35466666666666663 0.09 0.13866666666666666
14 0.151 0.39866666666666667 0.10200000000000001 0.18933333333333333
14 0.609 0.356 0.066 0.12533333333333332
