14 0.342 0.49818840579710144 0.048 0.17028985507246377
14 0.043000000000000003 0.588768115942029 0.034 0.09057971014492754
14 0.115 0.6757246376811594 0.054 0.19927536231884058
14 0.17200000000000001 0.6902173913043478 0.084 0.1847826086956522
8 0.136 0.875 0.092 0.2427536231884058
14 0.303 0.6992753623188406 0.066 0.2826086956521739
14 0.436 0.8315217391304348 0.056 0.32971014492753625
14 0.514 0.8170289855072463 0.096 0.358695652173913
14 0.449 0.6539855072463768 0.054 0.2427536231884058
14 0.512 0.605072463768116 0.032 0.2028985507246377
14 0.553 0.6177536231884058 0.026000000000000002 0.20652173913043478
14 0.581 0.6358695652173914 0.046 0.20652173913043478
14 0.632 0.6268115942028986 0.044 0.18840579710144928
14 0.674 0.605072463768116 0.028 0.21739130434782608
14 0.6990000000000001 0.6286231884057971 0.034 0.19202898550724637
14 0.72 0.730072463768116 0.04 0.322463768115942
14 0.804 0.6811594202898551 0.052000000000000005 0.26811594202898553
14 0.767 0.6304347826086957 0.026000000000000002 0.2391304347826087
14 0.847 0.7572463768115942 0.034 0.3695652173913044
14 0.859 0.5869565217391305 0.034 0.15217391304347827
14 0.905 0.552536231884058 0.034 0.09782608695652174
14 0.968 0.6177536231884058 0.048 0.10507246376811594
6 0.291 0.6213768115942029 0.386 0.2644927536231884
14 0.982 0.8333333333333334 0.036000000000000004 0.32608695652173914
14 0.915 0.8369565217391305 0.114 0.31884057971014496
14 0.709 0.9420289855072463 0.09 0.11594202898550725
