5 0.888 0.16799999999999998 0.224 0.3253333333333333
5 0.663 0.10533333333333333 0.234 0.20533333333333334
5 0.271 0.08666666666666667 0.214 0.16266666666666665
14 0.935 0.16266666666666665 0.05 0.20266666666666666
14 0.672 0.16933333333333334 0.052000000000000005 0.184
14 0.491 0.156 0.05 0.14133333333333334
14 0.437 0.148 0.046 0.14133333333333334
14 0.398 0.17066666666666666 0.036000000000000004 0.096
14 0.28300000000000003 0.13066666666666665 0.046 0.09066666666666666
14 0.138 0.12266666666666666 0.04 0.10133333333333333
14 0.17400000000000002 0.10933333333333332 0.04 0.12266666666666666
14 0.109 0.124 0.026000000000000002 0.10933333333333332
14 0.089 0.12933333333333333 0.038 0.104
14 0.02 0.11599999999999999 0.036000000000000004 0.13599999999999998
14 0.053 0.12 0.042 0.13333333333333333
