8 0.878 0.728 0.044 0.13333333333333333
8 0.6950000000000001 0.7999999999999999 0.074 0.13866666666666666
8 0.493 0.8986666666666666 0.082 0.176
8 0.722 0.7293333333333333 0.068 0.12
8 0.614 0.8546666666666667 0.076 0.14133333333333334
10 0.776 0.7173333333333333 0.092 0.12266666666666666
10 0.369 0.9119999999999999 0.15 0.15466666666666667
14 0.54 0.7666666666666666 0.06 0.248
14 0.262 0.9026666666666666 0.14400000000000002 0.19466666666666665
14 0.44 0.8933333333333333 0.06 0.19733333333333333
14 0.402 0.7893333333333333 0.064 0.12266666666666666
14 0.626 0.824 0.10400000000000001 0.192
14 0.799 0.7173333333333333 0.062 0.144
14 0.977 0.624 0.046 0.208
14 0.836 0.6986666666666667 0.07200000000000001 0.18666666666666665
