6 0.51 0.4653333333333333 0.748 0.3173333333333333
14 0.627 0.38666666666666666 0.066 0.07466666666666666
14 0.9420000000000001 0.2613333333333333 0.044 0.256
14 0.858 0.27199999999999996 0.04 0.22933333333333333
14 0.8190000000000001 0.2693333333333333 0.046 0.22933333333333333
14 0.894 0.344 0.092 0.368
14 0.724 0.244 0.1 0.23199999999999998
14 0.624 0.24666666666666665 0.12 0.152
14 0.562 0.24666666666666665 0.056 0.12
14 0.5 0.24266666666666667 0.076 0.16
14 0.422 0.27199999999999996 0.052000000000000005 0.20266666666666666
14 0.325 0.2773333333333333 0.078 0.24
14 0.275 0.2906666666666667 0.062 0.224
14 0.133 0.312 0.078 0.304
14 0.077 0.33599999999999997 0.078 0.304
14 0.018000000000000002 0.328 0.028 0.30933333333333335
