4 0.308 0.43993993993993996 0.076 0.2912912912912913
4 0.254 0.506006006006006 0.036000000000000004 0.15915915915915915
8 0.87 0.7252252252252253 0.26 0.5135135135135135
8 0.768 0.5975975975975976 0.18 0.4444444444444444
14 0.271 0.2057057057057057 0.058 0.23123123123123124
14 0.33 0.1921921921921922 0.068 0.25225225225225223
14 0.446 0.15615615615615616 0.088 0.2042042042042042
14 0.531 0.16516516516516516 0.09 0.1921921921921922
14 0.683 0.566066066066066 0.23800000000000002 0.5975975975975976
14 0.551 0.39039039039039036 0.134 0.2702702702702703
14 0.243 0.6096096096096096 0.354 0.7807807807807807
14 0.483 0.3888888888888889 0.08600000000000001 0.2852852852852853
14 0.436 0.3783783783783784 0.084 0.29429429429429427
