16 0.14200000000000002 0.3173333333333333 0.28 0.432
16 0.191 0.7346666666666667 0.378 0.5306666666666666
16 0.591 0.6053333333333333 0.278 0.448
16 0.786 0.5706666666666667 0.3 0.45866666666666667
16 0.736 0.7786666666666666 0.528 0.44266666666666665
16 0.863 0.20266666666666666 0.17400000000000002 0.23466666666666666
16 0.9440000000000001 0.13466666666666666 0.112 0.24266666666666667
16 0.417 0.31866666666666665 0.19 0.248
16 0.56 0.4093333333333333 0.316 0.424
16 0.311 0.12266666666666666 0.222 0.24
16 0.87 0.09733333333333333 0.20400000000000001 0.18933333333333333
