4 0.352 0.48133333333333334 0.032 0.16799999999999998
4 0.604 0.884 0.056 0.23199999999999998
19 0.914 0.4106666666666667 0.17200000000000001 0.288
14 0.771 0.6066666666666667 0.458 0.7866666666666666
14 0.269 0.6746666666666666 0.41400000000000003 0.6506666666666666
4 0.8200000000000001 0.04 0.016 0.07466666666666666
4 0.837 0.04 0.018000000000000002 0.07466666666666666
4 0.852 0.04 0.016 0.07466666666666666
4 0.932 0.042666666666666665 0.02 0.08
4 0.917 0.04133333333333333 0.022 0.07733333333333334
