15 0.509 0.20133333333333334 0.10200000000000001 0.072
15 0.466 0.35466666666666663 0.092 0.09066666666666666
15 0.309 0.36 0.11800000000000001 0.17066666666666666
15 0.377 0.436 0.10200000000000001 0.17866666666666667
15 0.496 0.54 0.18 0.3173333333333333
15 0.646 0.43066666666666664 0.184 0.39199999999999996
15 0.8180000000000001 0.6226666666666666 0.216 0.44
15 0.121 0.6293333333333333 0.166 0.352
15 0.027 0.76 0.05 0.32
15 0.069 0.39599999999999996 0.134 0.16799999999999998
15 0.065 0.484 0.126 0.14666666666666667
15 0.152 0.3333333333333333 0.044 0.13333333333333333
15 0.089 0.304 0.046 0.10666666666666666
15 0.088 0.15866666666666665 0.07200000000000001 0.16266666666666665
15 0.032 0.152 0.056 0.15466666666666667
15 0.9590000000000001 0.64 0.082 0.33066666666666666
15 0.9490000000000001 0.29733333333333334 0.082 0.17866666666666667
15 0.9500000000000001 0.45466666666666666 0.1 0.152
