1 0.521 0.7067039106145252 0.43 0.4022346368715084
14 0.522 0.5167597765363129 0.252 0.6536312849162011
14 0.092 0.34078212290502796 0.088 0.27932960893854747
14 0.095 0.31145251396648044 0.166 0.3324022346368715
14 0.182 0.3715083798882682 0.108 0.2011173184357542
14 0.20400000000000001 0.24301675977653633 0.092 0.2011173184357542
14 0.247 0.3324022346368715 0.062 0.223463687150838
14 0.306 0.2751396648044693 0.1 0.26536312849162014
14 0.279 0.4259776536312849 0.074 0.08100558659217877
14 0.387 0.3756983240223464 0.09 0.164804469273743
14 0.552 0.23324022346368717 0.076 0.13128491620111732
14 0.708 0.3603351955307263 0.136 0.18435754189944134
14 0.8220000000000001 0.2918994413407821 0.1 0.31005586592178774
14 0.924 0.3226256983240224 0.096 0.22625698324022347
14 0.93 0.27234636871508383 0.116 0.32122905027932963
