4 0.488 0.743 0.12266666666666666 0.198
4 0.27199999999999996 0.676 0.16533333333333333 0.216
4 0.30933333333333335 0.613 0.13333333333333333 0.202
4 0.42133333333333334 0.659 0.10666666666666666 0.214
4 0.532 0.627 0.12 0.23800000000000002
4 0.564 0.484 0.14666666666666667 0.28
4 0.7773333333333333 0.41600000000000004 0.12 0.20400000000000001
4 0.6706666666666666 0.41100000000000003 0.104 0.258
4 0.5933333333333333 0.457 0.088 0.194
4 0.4026666666666667 0.541 0.12266666666666666 0.154
4 0.316 0.484 0.09866666666666667 0.156
4 0.344 0.396 0.10666666666666666 0.156
4 0.37466666666666665 0.352 0.07733333333333334 0.116
4 0.43466666666666665 0.315 0.08 0.13
4 0.44 0.51 0.11733333333333333 0.2
4 0.6013333333333333 0.359 0.06666666666666667 0.146
4 0.616 0.281 0.064 0.134
4 0.6426666666666666 0.233 0.07466666666666666 0.122
4 0.716 0.31 0.07733333333333334 0.136
4 0.82 0.376 0.072 0.184
