1 0.809 0.6045454545454545 0.17 0.1606060606060606
1 0.633 0.5 0.186 0.32727272727272727
1 0.438 0.6363636363636364 0.22 0.30303030303030304
1 0.28600000000000003 0.48484848484848486 0.06 0.12121212121212122
1 0.077 0.5909090909090909 0.146 0.2606060606060606
14 0.9520000000000001 0.5575757575757576 0.096 0.4303030303030303
14 0.8210000000000001 0.5303030303030303 0.11 0.23636363636363636
14 0.61 0.5545454545454546 0.136 0.42424242424242425
14 0.47000000000000003 0.5303030303030303 0.156 0.5272727272727272
14 0.095 0.4772727272727273 0.114 0.39090909090909093
14 0.34500000000000003 0.4681818181818182 0.05 0.1606060606060606
