13 0.114 0.536 0.188 0.18133333333333332
13 0.757 0.5439999999999999 0.09 0.23466666666666666
13 0.624 0.6573333333333333 0.184 0.248
6 0.393 0.5146666666666666 0.11 0.16
14 0.865 0.4706666666666667 0.046 0.248
14 0.833 0.5293333333333333 0.094 0.33866666666666667
14 0.66 0.5826666666666667 0.108 0.42933333333333334
14 0.58 0.42533333333333334 0.06 0.11466666666666667
14 0.503 0.5093333333333333 0.09 0.30933333333333335
14 0.418 0.5053333333333333 0.052000000000000005 0.2533333333333333
14 0.16 0.516 0.076 0.27466666666666667
