16 0.745 0.46 0.31 0.23600000000000002
16 0.625 0.334 0.298 0.076
16 0.6920000000000001 0.319 0.304 0.074
16 0.302 0.406 0.308 0.28400000000000003
16 0.07 0.312 0.136 0.192
16 0.302 0.23800000000000002 0.188 0.048
16 0.526 0.25 0.124 0.06
16 0.539 0.23700000000000002 0.258 0.074
16 0.497 0.47200000000000003 0.23800000000000002 0.248
16 0.928 0.257 0.116 0.066
16 0.147 0.363 0.262 0.218
16 0.788 0.246 0.1 0.07200000000000001
16 0.881 0.39 0.114 0.228
16 0.673 0.259 0.138 0.078
16 0.273 0.279 0.05 0.058
16 0.182 0.251 0.10400000000000001 0.05
