12 0.809 0.5760869565217391 0.226 0.2826086956521739
12 0.168 0.4658385093167702 0.148 0.14906832298136646
14 0.8150000000000001 0.4301242236024844 0.078 0.20186335403726707
14 0.17500000000000002 0.3850931677018633 0.062 0.14906832298136646
9 0.19 0.5947204968944099 0.168 0.2453416149068323
9 0.274 0.6195652173913043 0.192 0.22049689440993786
9 0.437 0.6335403726708074 0.178 0.2546583850931677
9 0.44 0.6319875776397516 0.12 0.21428571428571427
9 0.548 0.6537267080745341 0.088 0.27018633540372666
9 0.616 0.6257763975155279 0.07200000000000001 0.2453416149068323
9 0.676 0.6568322981366459 0.07200000000000001 0.23913043478260868
9 0.803 0.6475155279503105 0.09 0.2639751552795031
