10 0.502 0.7839999999999999 0.996 0.432
4 0.891 0.748 0.10200000000000001 0.39199999999999996
4 0.519 0.6986666666666667 0.058 0.24533333333333332
4 0.516 0.6413333333333333 0.076 0.27999999999999997
4 0.631 0.6093333333333333 0.074 0.2533333333333333
4 0.328 0.5106666666666666 0.112 0.08266666666666667
15 0.62 0.19999999999999998 0.136 0.17066666666666666
14 0.839 0.48266666666666663 0.322 0.368
14 0.642 0.4533333333333333 0.22 0.36266666666666664
14 0.375 0.412 0.294 0.37066666666666664
14 0.116 0.4453333333333333 0.20800000000000002 0.33599999999999997
