5 0.561 0.391 0.07 0.122
5 0.35000000000000003 0.358 0.356 0.48
6 0.122 0.47300000000000003 0.1 0.08600000000000001
6 0.057 0.47100000000000003 0.11 0.122
14 0.383 0.717 0.28600000000000003 0.5660000000000001
14 0.484 0.636 0.084 0.36
14 0.527 0.446 0.074 0.14400000000000002
14 0.593 0.723 0.17400000000000002 0.546
14 0.767 0.8160000000000001 0.354 0.368
14 0.885 0.7010000000000001 0.166 0.598
14 0.8200000000000001 0.388 0.076 0.092
14 0.746 0.52 0.156 0.244
14 0.666 0.47100000000000003 0.084 0.138
