1 0.388 0.7681564245810056 0.10400000000000001 0.2011173184357542
14 0.385 0.6536312849162011 0.11 0.37988826815642457
14 0.166 0.6452513966480448 0.112 0.30726256983240224
14 0.543 0.643854748603352 0.10200000000000001 0.3547486033519553
14 0.704 0.6243016759776536 0.116 0.38268156424581007
14 0.096 0.6857541899441341 0.068 0.3324022346368715
14 0.025 0.6634078212290503 0.046 0.3547486033519553
14 0.8280000000000001 0.5698324022346369 0.052000000000000005 0.2569832402234637
14 0.883 0.5782122905027933 0.05 0.2681564245810056
14 0.926 0.5670391061452514 0.044 0.2737430167597765
14 0.965 0.5586592178770949 0.058 0.27932960893854747
5 0.534 0.5293296089385475 0.20400000000000001 0.2709497206703911
5 0.671 0.5237430167597765 0.306 0.31005586592178774
