1 0.886 0.6287128712871287 0.196 0.5841584158415841
1 0.6960000000000001 0.6864686468646864 0.168 0.4884488448844885
1 0.10400000000000001 0.6881188118811882 0.156 0.43234323432343236
1 0.322 0.6666666666666666 0.14400000000000002 0.49504950495049505
1 0.461 0.6897689768976898 0.198 0.46864686468646866
14 0.105 0.5346534653465347 0.162 0.7194719471947195
14 0.34800000000000003 0.5759075907590759 0.18 0.6303630363036303
14 0.512 0.533003300330033 0.17200000000000001 0.7425742574257426
14 0.64 0.5148514851485149 0.14400000000000002 0.7920792079207921
14 0.878 0.4867986798679868 0.18 0.7887788778877888
