14 0.079 0.46799999999999997 0.034 0.19466666666666665
14 0.114 0.48933333333333334 0.06 0.27999999999999997
14 0.23900000000000002 0.47733333333333333 0.042 0.21866666666666665
14 0.293 0.504 0.066 0.31466666666666665
14 0.385 0.4746666666666666 0.042 0.17066666666666666
14 0.433 0.488 0.066 0.256
14 0.552 0.48933333333333334 0.044 0.17866666666666667
14 0.68 0.5546666666666666 0.076 0.36266666666666664
14 0.768 0.524 0.06 0.27466666666666667
14 0.852 0.504 0.07200000000000001 0.21866666666666665
14 0.607 0.48533333333333334 0.034 0.10666666666666666
14 0.973 0.432 0.038 0.08
14 0.488 0.5053333333333333 0.032 0.088
