14 0.866 0.4818731117824773 0.112 0.2809667673716012
14 0.646 0.5015105740181269 0.128 0.31419939577039274
14 0.49 0.4879154078549849 0.108 0.23867069486404835
14 0.361 0.4516616314199396 0.106 0.19637462235649547
14 0.247 0.4652567975830816 0.09 0.23564954682779457
14 0.128 0.4471299093655589 0.108 0.23564954682779457
13 0.863 0.5574018126888217 0.14200000000000002 0.2084592145015106
13 0.637 0.552870090634441 0.138 0.2175226586102719
13 0.497 0.552870090634441 0.122 0.19939577039274925
13 0.366 0.5498489425981873 0.12 0.18126888217522658
13 0.256 0.5317220543806647 0.128 0.1933534743202417
13 0.134 0.5181268882175226 0.132 0.20241691842900303
