14 0.164 0.6026666666666667 0.20400000000000001 0.7946666666666666
14 0.218 0.6693333333333333 0.176 0.656
14 0.323 0.29466666666666663 0.11 0.19466666666666665
14 0.373 0.6866666666666666 0.218 0.6266666666666666
14 0.417 0.36933333333333335 0.10200000000000001 0.2373333333333333
14 0.439 0.7053333333333333 0.15 0.4666666666666667
14 0.535 0.608 0.11 0.7839999999999999
14 0.594 0.6613333333333333 0.164 0.6719999999999999
14 0.66 0.33199999999999996 0.124 0.264
14 0.766 0.27066666666666667 0.128 0.27466666666666667
14 0.675 0.752 0.154 0.496
14 0.768 0.6333333333333333 0.2 0.7333333333333333
