1 0.6950000000000001 0.7226666666666667 0.278 0.30933333333333335
1 0.511 0.7133333333333333 0.15 0.2906666666666667
1 0.355 0.76 0.20600000000000002 0.368
14 0.389 0.6093333333333333 0.106 0.312
14 0.498 0.536 0.1 0.256
14 0.6970000000000001 0.6 0.154 0.44266666666666665
8 0.44 0.29466666666666663 0.056 0.088
8 0.585 0.29866666666666664 0.062 0.07466666666666666
8 0.636 0.3426666666666667 0.076 0.09866666666666667
17 0.388 0.38666666666666666 0.076 0.13333333333333333
15 0.592 0.4693333333333333 0.048 0.08533333333333333
15 0.9490000000000001 0.39199999999999996 0.10200000000000001 0.224
15 0.785 0.24933333333333332 0.066 0.16266666666666665
15 0.495 0.4026666666666667 0.106 0.10666666666666666
