19 0.053 0.23066666666666666 0.098 0.184
14 0.315 0.176 0.07 0.176
14 0.2 0.24133333333333332 0.296 0.27466666666666667
14 0.34900000000000003 0.22533333333333333 0.17 0.27466666666666667
15 0.47700000000000004 0.17066666666666666 0.054 0.096
15 0.535 0.14666666666666667 0.062 0.09066666666666666
8 0.638 0.21733333333333332 0.232 0.22666666666666666
17 0.501 0.6453333333333333 0.998 0.7093333333333333
14 0.64 0.5853333333333333 0.68 0.4666666666666667
11 0.423 0.7013333333333334 0.638 0.24533333333333332
