14 0.311 0.37466666666666665 0.122 0.17866666666666667
14 0.20500000000000002 0.5386666666666666 0.082 0.5493333333333333
14 0.925 0.584 0.106 0.752
14 0.934 0.5813333333333334 0.132 0.8373333333333333
14 0.6950000000000001 0.3173333333333333 0.082 0.21333333333333332
14 0.627 0.31466666666666665 0.122 0.304
14 0.1 0.6093333333333333 0.184 0.7813333333333333
14 0.785 0.6266666666666666 0.202 0.7466666666666666
14 0.435 0.6106666666666667 0.482 0.7786666666666666
14 0.5750000000000001 0.6093333333333333 0.354 0.7813333333333333
