5 0.864 0.5922459893048128 0.272 0.32352941176470584
5 0.34600000000000003 0.5882352941176471 0.616 0.29411764705882354
6 0.217 0.8529411764705882 0.43 0.29411764705882354
14 0.909 0.7954545454545454 0.14200000000000002 0.40909090909090906
14 0.596 0.7954545454545454 0.17200000000000001 0.40909090909090906
14 0.68 0.660427807486631 0.044 0.2032085561497326
14 0.637 0.6617647058823529 0.058 0.20053475935828877
14 0.309 0.7366310160427807 0.106 0.24331550802139035
14 0.253 0.660427807486631 0.066 0.13903743315508021
14 0.171 0.6590909090909091 0.082 0.13101604278074866
6 0.21 0.7058823529411764 0.41600000000000004 0.1818181818181818
