4 0.497 0.47333333333333333 0.042 0.21066666666666667
4 0.545 0.5253333333333333 0.05 0.224
4 0.605 0.45599999999999996 0.046 0.20266666666666666
4 0.588 0.3413333333333333 0.04 0.144
4 0.48 0.9053333333333333 0.076 0.18933333333333333
4 0.524 0.8733333333333333 0.064 0.2533333333333333
14 0.181 0.6333333333333333 0.358 0.7333333333333333
14 0.249 0.4053333333333333 0.326 0.5439999999999999
14 0.395 0.33999999999999997 0.154 0.376
14 0.891 0.6266666666666666 0.218 0.7466666666666666
14 0.862 0.45466666666666666 0.276 0.5253333333333333
14 0.731 0.3773333333333333 0.134 0.376
14 0.667 0.23866666666666667 0.08600000000000001 0.264
14 0.578 0.188 0.112 0.184
14 0.053 0.33466666666666667 0.10200000000000001 0.37066666666666664
10 0.581 0.628 0.582 0.744
