14 0.888 0.5360962566844919 0.052000000000000005 0.15240641711229946
14 0.847 0.53475935828877 0.038 0.1497326203208556
14 0.809 0.5374331550802138 0.042 0.13903743315508021
14 0.375 0.2927807486631016 0.026000000000000002 0.13636363636363635
14 0.29 0.2914438502673797 0.036000000000000004 0.1336898395721925
14 0.259 0.30213903743315507 0.03 0.1283422459893048
14 0.233 0.29411764705882354 0.05 0.1283422459893048
14 0.195 0.2954545454545454 0.038 0.14171122994652405
14 0.082 0.25534759358288767 0.028 0.04545454545454545
3 0.501 0.49866310160427807 0.998 0.9919786096256684
