10 0.501 0.6706666666666666 0.526 0.49866666666666665
14 0.364 0.38 0.088 0.23199999999999998
14 0.464 0.412 0.128 0.2693333333333333
14 0.586 0.41466666666666663 0.136 0.2853333333333333
14 0.6910000000000001 0.448 0.166 0.27199999999999996
14 0.777 0.4706666666666667 0.106 0.24266666666666667
14 0.778 0.6933333333333334 0.404 0.6133333333333333
14 0.07200000000000001 0.48666666666666664 0.14 0.4613333333333333
14 0.176 0.4333333333333333 0.196 0.408
14 0.376 0.6573333333333333 0.436 0.6693333333333333
8 0.073 0.7839999999999999 0.14200000000000002 0.42133333333333334
