3 0.839 0.4144144144144144 0.10200000000000001 0.5765765765765766
3 0.743 0.43243243243243246 0.074 0.3783783783783784
3 0.681 0.44744744744744747 0.126 0.5825825825825826
3 0.618 0.45945945945945943 0.06 0.25825825825825827
3 0.517 0.42342342342342343 0.066 0.4264264264264264
3 0.47500000000000003 0.45945945945945943 0.03 0.21621621621621623
3 0.453 0.46996996996997 0.05 0.26726726726726724
3 0.397 0.46396396396396394 0.046 0.24324324324324323
3 0.377 0.4954954954954955 0.07 0.3483483483483483
3 0.308 0.4774774774774775 0.068 0.32432432432432434
