14 0.4 0.6186666666666667 0.792 0.7626666666666666
14 0.403 0.624 0.25 0.752
14 0.425 0.45466666666666666 0.33 0.6213333333333333
14 0.7000000000000001 0.388 0.34400000000000003 0.424
14 0.71 0.5866666666666667 0.384 0.8266666666666667
4 0.154 0.6546666666666666 0.056 0.27999999999999997
4 0.46 0.8746666666666666 0.048 0.18666666666666665
4 0.8150000000000001 0.30666666666666664 0.046 0.16
4 0.324 0.16666666666666666 0.064 0.14133333333333334
4 0.485 0.42266666666666663 0.038 0.12533333333333332
4 0.5630000000000001 0.6759999999999999 0.074 0.17866666666666667
