1 0.914 0.7140718562874252 0.17200000000000001 0.2964071856287425
1 0.628 0.6601796407185629 0.228 0.26646706586826346
1 0.685 0.6616766467065869 0.234 0.251497005988024
1 0.421 0.6377245508982037 0.202 0.2634730538922156
1 0.211 0.5419161676646707 0.178 0.2634730538922156
1 0.054 0.4640718562874252 0.1 0.19760479041916168
14 0.051000000000000004 0.3607784431137725 0.098 0.24850299401197606
14 0.23 0.4416167664670659 0.136 0.3203592814371258
14 0.352 0.4505988023952096 0.10400000000000001 0.23652694610778444
14 0.448 0.5329341317365269 0.14 0.32335329341317365
14 0.64 0.5419161676646707 0.152 0.28742514970059885
14 0.709 0.5494011976047904 0.14200000000000002 0.3083832335329342
14 0.9430000000000001 0.6422155688622755 0.114 0.3323353293413174
