16 0.68 0.7440119760479043 0.14 0.4880239520958084
16 0.522 0.5688622754491018 0.092 0.3353293413173653
16 0.555 0.25449101796407186 0.054 0.1377245508982036
16 0.438 0.22305389221556887 0.044 0.09880239520958084
16 0.837 0.4311377245508982 0.23 0.281437125748503
16 0.301 0.7904191616766467 0.366 0.4191616766467066
16 0.333 0.6017964071856288 0.334 0.36526946107784436
16 0.183 0.5733532934131736 0.202 0.3323353293413174
16 0.101 0.4416167664670659 0.198 0.3203592814371258
16 0.798 0.5479041916167665 0.22 0.3473053892215569
