13 0.806 0.44410876132930516 0.24 0.2054380664652568
13 0.271 0.554380664652568 0.31 0.2990936555891239
14 0.316 0.5241691842900302 0.12 0.36555891238670696
14 0.843 0.40634441087613293 0.094 0.2990936555891239
6 0.931 0.24773413897280966 0.094 0.1027190332326284
6 0.755 0.24773413897280966 0.122 0.1148036253776435
6 0.651 0.2552870090634441 0.09 0.10574018126888217
6 0.5680000000000001 0.2583081570996979 0.084 0.09365558912386707
6 0.482 0.26435045317220546 0.088 0.09365558912386707
6 0.269 0.2719033232628399 0.122 0.09063444108761329
6 0.161 0.2809667673716012 0.11 0.06646525679758308
6 0.094 0.2809667673716012 0.1 0.07250755287009064
