12 0.486 0.7312312312312312 0.488 0.5315315315315315
14 0.47200000000000003 0.4339339339339339 0.116 0.5195195195195195
14 0.148 0.31981981981981983 0.124 0.5255255255255256
14 0.067 0.16966966966966968 0.10200000000000001 0.3333333333333333
14 0.419 0.11411411411411411 0.138 0.2222222222222222
14 0.561 0.25375375375375375 0.098 0.45345345345345345
14 0.66 0.24624624624624625 0.10400000000000001 0.27627627627627627
14 0.718 0.18768768768768768 0.064 0.17117117117117117
14 0.78 0.36786786786786785 0.124 0.35135135135135137
14 0.841 0.25675675675675674 0.122 0.3213213213213213
14 0.916 0.26126126126126126 0.124 0.29429429429429427
