2 0.262 0.8453237410071942 0.156 0.0935251798561151
2 0.262 0.9400479616306954 0.152 0.08633093525179855
2 0.654 0.9316546762589928 0.152 0.0935251798561151
2 0.658 0.8309352517985611 0.152 0.10311750599520383
2 0.769 0.4004796163069544 0.11 0.0671462829736211
2 0.738 0.30335731414868106 0.076 0.08872901678657073
2 0.849 0.1606714628297362 0.11 0.08153477218225419
2 0.784 0.1354916067146283 0.06 0.11750599520383692
2 0.531 0.23501199040767384 0.10200000000000001 0.07194244604316546
2 0.183 0.18225419664268583 0.122 0.09592326139088728
