6 0.516 0.6726726726726726 0.384 0.27627627627627627
6 0.6950000000000001 0.47897897897897895 0.154 0.2132132132132132
6 0.163 0.53003003003003 0.318 0.1831831831831832
6 0.546 0.21021021021021022 0.168 0.11411411411411411
6 0.753 0.2882882882882883 0.19 0.13813813813813813
14 0.47800000000000004 0.4159159159159159 0.036000000000000004 0.16516516516516516
14 0.902 0.32432432432432434 0.04 0.14414414414414414
14 0.9580000000000001 0.3108108108108108 0.04 0.1111111111111111
14 0.886 0.6471471471471472 0.07200000000000001 0.1831831831831832
14 0.9410000000000001 0.6651651651651651 0.082 0.2012012012012012
