14 0.9594594594594594 0.381 0.04504504504504504 0.094
14 0.8138138138138138 0.40900000000000003 0.07807807807807808 0.05
14 0.6906906906906907 0.41300000000000003 0.06006006006006006 0.054
14 0.6096096096096096 0.396 0.06006006006006006 0.088
14 0.34684684684684686 0.392 0.06306306306306306 0.1
14 0.4024024024024024 0.401 0.05405405405405406 0.09
14 0.2852852852852853 0.4 0.05405405405405406 0.10400000000000001
14 0.23573573573573572 0.394 0.06306306306306306 0.116
14 0.14714714714714713 0.403 0.04804804804804805 0.106
14 0.1066066066066066 0.41000000000000003 0.04504504504504504 0.124
14 0.8753753753753754 0.513 0.16516516516516516 0.166
14 0.5180180180180181 0.54 0.10510510510510511 0.08
14 0.7177177177177178 0.757 0.25825825825825827 0.054
14 0.34684684684684686 0.48 0.12312312312312312 0.12
14 0.4084084084084084 0.459 0.09009009009009009 0.078
14 0.2147147147147147 0.529 0.12312312312312312 0.11
14 0.2777777777777778 0.598 0.13513513513513514 0.16
1 0.5285285285285285 0.75 0.1921921921921922 0.08
1 0.8663663663663663 0.583 0.19519519519519518 0.07
