13 0.482 0.5281124497991967 0.88 0.9036144578313252
14 0.307 0.10642570281124497 0.038 0.1004016064257028
14 0.495 0.10943775100401605 0.046 0.1144578313253012
14 0.424 0.10642570281124497 0.032 0.12048192771084336
14 0.10400000000000001 0.12248995983935741 0.036000000000000004 0.08835341365461846
14 0.615 0.1004016064257028 0.034 0.10441767068273092
14 0.661 0.09939759036144577 0.026000000000000002 0.09839357429718874
14 0.748 0.10642570281124497 0.04 0.11244979919678713
14 0.769 0.09638554216867469 0.03 0.10843373493975902
14 0.8130000000000001 0.11044176706827308 0.042 0.11646586345381525
