15 0.7933333333333333 0.683 0.09333333333333332 0.262
15 0.612 0.687 0.06666666666666667 0.08600000000000001
8 0.628 0.909 0.184 0.182
8 0.7946666666666666 0.922 0.18666666666666665 0.156
10 0.8013333333333333 0.907 0.39199999999999996 0.186
14 0.32266666666666666 0.808 0.176 0.384
14 0.47333333333333333 0.653 0.104 0.098
14 0.47733333333333333 0.8 0.13866666666666666 0.316
14 0.152 0.6920000000000001 0.058666666666666666 0.164
14 0.20133333333333334 0.6970000000000001 0.050666666666666665 0.146
