8 0.791 0.8306666666666667 0.25 0.33866666666666667
8 0.397 0.692 0.166 0.296
8 0.307 0.6466666666666666 0.14200000000000002 0.2533333333333333
8 0.217 0.5986666666666667 0.11800000000000001 0.23199999999999998
8 0.165 0.5599999999999999 0.10200000000000001 0.18666666666666665
8 0.081 0.5333333333333333 0.114 0.176
8 0.039 0.512 0.074 0.15466666666666667
19 0.148 0.3933333333333333 0.052000000000000005 0.07733333333333334
19 0.193 0.4013333333333333 0.042 0.088
19 0.229 0.4093333333333333 0.058 0.09866666666666667
19 0.293 0.42266666666666663 0.08600000000000001 0.10933333333333332
19 0.392 0.436 0.088 0.12533333333333332
19 0.488 0.4613333333333333 0.116 0.13866666666666666
19 0.666 0.5026666666666666 0.14400000000000002 0.184
19 0.885 0.5439999999999999 0.202 0.21866666666666665
