10 0.35466666666666663 0.849 0.704 0.302
10 0.5146666666666666 0.635 0.448 0.486
14 0.20533333333333334 0.556 0.3893333333333333 0.356
14 0.27199999999999996 0.463 0.21333333333333332 0.246
14 0.4066666666666667 0.434 0.20533333333333334 0.24
14 0.5666666666666667 0.384 0.18933333333333333 0.168
14 0.7693333333333333 0.40800000000000003 0.22133333333333333 0.188
14 0.8546666666666667 0.619 0.2906666666666667 0.462
14 0.8226666666666667 0.812 0.35466666666666663 0.376
14 0.07066666666666667 0.28 0.09866666666666667 0.128
