16 0.675 0.5392749244712991 0.222 0.3776435045317221
16 0.532 0.554380664652568 0.272 0.4259818731117825
16 0.435 0.5830815709969789 0.298 0.4108761329305136
16 0.391 0.7054380664652568 0.406 0.5709969788519638
16 0.275 0.7235649546827795 0.382 0.552870090634441
14 0.165 0.5 0.326 0.9939577039274925
14 0.657 0.25075528700906347 0.178 0.3987915407854985
14 0.846 0.3564954682779456 0.128 0.5861027190332326
14 0.362 0.2537764350453172 0.132 0.4652567975830816
14 0.23800000000000002 0.2628398791540785 0.12 0.42900302114803623
