13 0.893 0.7113095238095237 0.126 0.23809523809523808
13 0.59 0.8779761904761905 0.2 0.23214285714285712
13 0.41400000000000003 0.78125 0.1 0.2708333333333333
13 0.159 0.7663690476190476 0.106 0.20535714285714285
6 0.374 0.581845238095238 0.248 0.25297619047619047
14 0.892 0.581845238095238 0.14 0.33035714285714285
14 0.595 0.6994047619047619 0.182 0.5476190476190476
14 0.41300000000000003 0.6205357142857143 0.158 0.40178571428571425
14 0.153 0.6354166666666666 0.13 0.3720238095238095
14 0.077 0.5297619047619048 0.038 0.13095238095238093
14 0.048 0.5238095238095237 0.04 0.13095238095238093
