3 0.501 0.22133333333333333 0.998 0.21866666666666665
3 0.501 0.348 0.998 0.41333333333333333
14 0.095 0.6586666666666666 0.178 0.288
14 0.379 0.6013333333333333 0.114 0.41333333333333333
14 0.492 0.532 0.164 0.25866666666666666
14 0.765 0.48666666666666664 0.11800000000000001 0.38666666666666666
14 0.893 0.416 0.14200000000000002 0.25066666666666665
14 0.862 0.09466666666666666 0.12 0.152
14 0.6960000000000001 0.112 0.156 0.15466666666666667
14 0.522 0.144 0.12 0.15466666666666667
14 0.148 0.19733333333333333 0.116 0.13866666666666666
14 0.386 0.15866666666666665 0.10400000000000001 0.13599999999999998
11 0.326 0.8533333333333333 0.14400000000000002 0.224
