6 0.595 0.7213333333333333 0.526 0.25866666666666666
6 0.418 0.596 0.448 0.18933333333333333
6 0.751 0.5173333333333333 0.266 0.15466666666666667
6 0.504 0.436 0.184 0.104
6 0.369 0.4373333333333333 0.17 0.112
6 0.247 0.4413333333333333 0.178 0.104
6 0.08700000000000001 0.43866666666666665 0.134 0.07733333333333334
6 0.901 0.42266666666666663 0.17 0.13599999999999998
14 0.261 0.36533333333333334 0.034 0.05333333333333333
14 0.773 0.40399999999999997 0.038 0.10933333333333332
14 0.844 0.416 0.048 0.13333333333333333
14 0.89 0.424 0.044 0.17066666666666666
14 0.9490000000000001 0.43466666666666665 0.058 0.13333333333333333
