6 0.331 0.48666666666666664 0.074 0.06666666666666667
6 0.263 0.4973333333333333 0.074 0.088
14 0.7000000000000001 0.54 0.032 0.09866666666666667
14 0.24 0.5066666666666666 0.048 0.05333333333333333
14 0.306 0.54 0.044 0.13599999999999998
14 0.41300000000000003 0.5479999999999999 0.042 0.12
13 0.106 0.7013333333333334 0.124 0.19733333333333333
13 0.253 0.724 0.114 0.19999999999999998
13 0.391 0.7866666666666666 0.11800000000000001 0.24533333333333332
13 0.5640000000000001 0.8573333333333333 0.152 0.2693333333333333
13 0.47800000000000004 0.632 0.092 0.15466666666666667
13 0.196 0.648 0.076 0.16
14 0.5700000000000001 0.7653333333333333 0.116 0.304
14 0.397 0.7133333333333333 0.08600000000000001 0.248
14 0.257 0.6506666666666666 0.098 0.21333333333333332
14 0.11900000000000001 0.6346666666666666 0.094 0.224
14 0.198 0.596 0.064 0.17333333333333334
6 0.872 0.6933333333333334 0.256 0.3413333333333333
14 0.031 0.5346666666666666 0.038 0.13066666666666665
14 0.074 0.5226666666666666 0.044 0.06933333333333333
14 0.148 0.496 0.036000000000000004 0.058666666666666666
14 0.47600000000000003 0.5866666666666667 0.064 0.16
