14 0.8150000000000001 0.8162878787878788 0.37 0.36742424242424243
14 0.86875 0.4981060606060606 0.2625 0.48863636363636365
14 0.7000000000000001 0.4772727272727273 0.27 0.4545454545454546
14 0.17500000000000002 0.7537878787878788 0.34500000000000003 0.49242424242424243
14 0.10625 0.5965909090909091 0.20750000000000002 0.5568181818181819
14 0.36625 0.3465909090909091 0.3225 0.40530303030303033
4 0.58875 0.46401515151515155 0.0325 0.17045454545454547
4 0.56875 0.48674242424242425 0.0375 0.17803030303030304
4 0.53625 0.456439393939394 0.0375 0.23863636363636365
14 0.45625 0.6988636363636364 0.28750000000000003 0.6022727272727273
