14 0.68 0.5439999999999999 0.308 0.42666666666666664
14 0.402 0.524 0.312 0.472
14 0.179 0.636 0.354 0.728
4 0.896 0.6413333333333333 0.048 0.22666666666666666
14 0.798 0.436 0.1 0.264
14 0.913 0.45199999999999996 0.054 0.152
14 0.9580000000000001 0.46266666666666667 0.064 0.12
10 0.5670000000000001 0.8546666666666667 0.866 0.2906666666666667
14 0.28200000000000003 0.43066666666666664 0.06 0.09866666666666667
14 0.058 0.36533333333333334 0.112 0.18133333333333332
14 0.46900000000000003 0.4333333333333333 0.062 0.07733333333333334
14 0.535 0.45599999999999996 0.038 0.08
