14 0.532 0.8053333333333333 0.056 0.22933333333333333
14 0.417 0.8373333333333333 0.066 0.22933333333333333
14 0.20700000000000002 0.62 0.034 0.13066666666666665
14 0.12 0.5893333333333333 0.036000000000000004 0.10666666666666666
14 0.054 0.6626666666666666 0.052000000000000005 0.072
14 0.34700000000000003 0.6893333333333334 0.038 0.14666666666666667
14 0.44 0.6773333333333333 0.048 0.15466666666666667
14 0.46 0.6639999999999999 0.04 0.12266666666666666
14 0.679 0.6253333333333333 0.038 0.12
14 0.05 0.6 0.04 0.09066666666666666
