1 0.787 0.6858288770053476 0.146 0.32352941176470584
1 0.637 0.6350267379679144 0.134 0.2647058823529412
1 0.34600000000000003 0.5935828877005347 0.152 0.3155080213903743
1 0.624 0.26336898395721925 0.06 0.11497326203208555
1 0.844 0.5882352941176471 0.216 0.23529411764705882
14 0.242 0.45588235294117646 0.116 0.44652406417112295
14 0.545 0.4679144385026738 0.058 0.2620320855614973
14 0.63 0.4919786096256684 0.116 0.2727272727272727
14 0.337 0.43582887700534756 0.082 0.27807486631016043
14 0.925 0.5401069518716577 0.14200000000000002 0.45454545454545453
14 0.892 0.5227272727272727 0.084 0.32887700534759357
6 0.578 0.42780748663101603 0.22 0.24064171122994651
