10 0.5650000000000001 0.7447447447447447 0.8180000000000001 0.5105105105105106
14 0.44 0.6936936936936937 0.36 0.6126126126126126
14 0.215 0.6651651651651651 0.194 0.6696696696696697
14 0.11 0.6096096096096096 0.20400000000000001 0.6426426426426426
14 0.25 0.3918918918918919 0.20400000000000001 0.2912912912912913
14 0.34400000000000003 0.3768768768768769 0.112 0.2732732732732733
14 0.499 0.40540540540540543 0.194 0.35435435435435436
14 0.773 0.5075075075075075 0.258 0.42042042042042044
14 0.891 0.6801801801801802 0.218 0.6396396396396397
4 0.762 0.6921921921921922 0.052000000000000005 0.2552552552552553
4 0.522 0.5405405405405406 0.044 0.18618618618618618
