14 0.581 0.6466666666666666 0.47000000000000003 0.7066666666666667
14 0.872 0.32266666666666666 0.096 0.2613333333333333
14 0.795 0.4413333333333333 0.198 0.42933333333333334
14 0.121 0.512 0.23800000000000002 0.42666666666666664
14 0.272 0.3773333333333333 0.184 0.4026666666666667
14 0.46900000000000003 0.3333333333333333 0.146 0.2826666666666667
14 0.542 0.27199999999999996 0.068 0.18666666666666665
14 0.626 0.24 0.124 0.128
8 0.862 0.8079999999999999 0.196 0.384
10 0.405 0.6426666666666666 0.806 0.7146666666666667
