4 0.288 0.9550000000000001 0.11733333333333333 0.09
4 0.432 0.963 0.08533333333333333 0.074
4 0.5826666666666667 0.965 0.088 0.07
4 0.752 0.8200000000000001 0.14933333333333332 0.332
4 0.29333333333333333 0.532 0.17066666666666666 0.364
4 0.44266666666666665 0.531 0.144 0.374
4 0.5946666666666667 0.538 0.144 0.38
4 0.76 0.535 0.144 0.374
4 0.29866666666666664 0.803 0.15466666666666667 0.322
4 0.448 0.809 0.144 0.322
4 0.29333333333333333 0.23800000000000002 0.16 0.40800000000000003
4 0.448 0.23800000000000002 0.144 0.42
4 0.6013333333333333 0.234 0.14666666666666667 0.42
4 0.764 0.23 0.14666666666666667 0.424
