4 0.186 0.944 0.06 0.112
4 0.084 0.9266666666666666 0.056 0.14666666666666667
4 0.028 0.9506666666666667 0.032 0.09866666666666667
14 0.512 0.6906666666666667 0.332 0.5653333333333334
14 0.717 0.7933333333333333 0.262 0.41333333333333333
14 0.541 0.7706666666666666 0.262 0.45866666666666667
14 0.14300000000000002 0.644 0.246 0.6799999999999999
14 0.225 0.6386666666666666 0.202 0.584
14 0.357 0.37466666666666665 0.07 0.13066666666666665
14 0.671 0.488 0.17 0.368
14 0.679 0.35466666666666663 0.114 0.25066666666666665
14 0.35100000000000003 0.652 0.226 0.6586666666666666
14 0.316 0.30133333333333334 0.07200000000000001 0.12266666666666666
14 0.446 0.356 0.06 0.19999999999999998
14 0.5640000000000001 0.4093333333333333 0.148 0.3173333333333333
