14 0.20600000000000002 0.6111111111111112 0.136 0.6576576576576576
14 0.352 0.6321321321321322 0.128 0.6276276276276276
14 0.503 0.6591591591591591 0.122 0.5855855855855856
14 0.084 0.53003003003003 0.1 0.3993993993993994
14 0.886 0.5945945945945946 0.068 0.18618618618618618
14 0.92 0.8078078078078078 0.12 0.3063063063063063
14 0.8130000000000001 0.581081081081081 0.09 0.1891891891891892
14 0.449 0.4339339339339339 0.066 0.17117117117117117
14 0.5640000000000001 0.4894894894894895 0.06 0.1921921921921922
14 0.73 0.5855855855855856 0.07200000000000001 0.2702702702702703
13 0.551 0.7282282282282282 0.318 0.38738738738738737
13 0.654 0.6846846846846847 0.212 0.39039039039039036
14 0.257 0.38738738738738737 0.082 0.22822822822822822
14 0.026000000000000002 0.4024024024024024 0.048 0.13213213213213212
