5 0.811 0.22666666666666666 0.378 0.2613333333333333
6 0.622 0.428 0.34400000000000003 0.18933333333333333
6 0.044 0.2653333333333333 0.084 0.088
6 0.301 0.26666666666666666 0.15 0.112
6 0.275 0.19866666666666666 0.11800000000000001 0.07733333333333334
6 0.317 0.08 0.066 0.042666666666666665
6 0.397 0.09466666666666666 0.078 0.050666666666666665
6 0.52 0.10533333333333333 0.064 0.04533333333333333
6 0.599 0.16933333333333334 0.066 0.09866666666666667
6 0.34400000000000003 0.044 0.06 0.034666666666666665
6 0.379 0.06933333333333333 0.07 0.042666666666666665
