2 0.528 0.23809523809523808 0.084 0.07738095238095238
2 0.579 0.8571428571428571 0.066 0.05952380952380952
2 0.659 0.8214285714285714 0.054 0.047619047619047616
2 0.839 0.8169642857142857 0.054 0.05654761904761904
2 0.9520000000000001 0.78125 0.044 0.04464285714285714
2 0.932 0.7767857142857142 0.044 0.047619047619047616
2 0.895 0.7291666666666666 0.038 0.041666666666666664
2 0.658 0.7217261904761905 0.04 0.03869047619047619
2 0.631 0.712797619047619 0.042 0.04464285714285714
2 0.589 0.706845238095238 0.034 0.04464285714285714
2 0.366 0.75 0.048 0.047619047619047616
2 0.216 0.7291666666666666 0.04 0.041666666666666664
2 0.176 0.706845238095238 0.04 0.04464285714285714
2 0.067 0.6889880952380952 0.038 0.050595238095238096
2 0.121 0.681547619047619 0.034 0.041666666666666664
2 0.294 0.6830357142857143 0.044 0.04464285714285714
