14 0.251 0.588 0.094 0.3973333333333333
14 0.49 0.5826666666666667 0.084 0.3333333333333333
14 0.589 0.584 0.094 0.33599999999999997
14 0.6910000000000001 0.5773333333333334 0.08600000000000001 0.344
14 0.855 0.4933333333333333 0.098 0.192
14 0.083 0.6226666666666666 0.082 0.424
14 0.41100000000000003 0.596 0.074 0.36
14 0.164 0.5866666666666667 0.10400000000000001 0.3413333333333333
8 0.153 0.8733333333333333 0.17 0.2373333333333333
8 0.319 0.8773333333333333 0.17 0.24533333333333332
8 0.501 0.8626666666666667 0.14200000000000002 0.2373333333333333
8 0.65 0.8613333333333333 0.136 0.25066666666666665
8 0.871 0.9119999999999999 0.166 0.176
8 0.651 0.9173333333333333 0.11800000000000001 0.16533333333333333
8 0.498 0.9199999999999999 0.176 0.16
8 0.277 0.9226666666666666 0.178 0.15466666666666667
8 0.076 0.9199999999999999 0.148 0.16
8 0.8310000000000001 0.6906666666666667 0.10200000000000001 0.224
