4 0.02 0.7533333333333333 0.036000000000000004 0.14133333333333334
4 0.047 0.7506666666666666 0.042 0.14666666666666667
4 0.075 0.752 0.046 0.144
4 0.106 0.7493333333333333 0.04 0.144
4 0.134 0.7506666666666666 0.036000000000000004 0.14133333333333334
4 0.166 0.7493333333333333 0.04 0.144
4 0.194 0.7466666666666666 0.036000000000000004 0.144
4 0.222 0.744 0.036000000000000004 0.144
4 0.251 0.748 0.038 0.14133333333333334
4 0.281 0.744 0.038 0.144
4 0.311 0.74 0.038 0.14666666666666667
4 0.342 0.7386666666666667 0.036000000000000004 0.144
4 0.371 0.74 0.034 0.14133333333333334
4 0.399 0.7386666666666667 0.038 0.144
4 0.428 0.7373333333333333 0.032 0.14666666666666667
4 0.457 0.736 0.034 0.144
4 0.488 0.7373333333333333 0.036000000000000004 0.14666666666666667
4 0.643 0.20533333333333334 0.034 0.11733333333333333
14 0.5700000000000001 0.6 0.656 0.7999999999999999
14 0.9 0.7186666666666667 0.2 0.5626666666666666
