4 0.223 0.26885245901639343 0.062 0.4721311475409836
4 0.38 0.2540983606557377 0.068 0.4360655737704918
4 0.525 0.23934426229508196 0.07 0.39344262295081966
4 0.758 0.22295081967213115 0.044 0.3344262295081967
4 0.136 0.4672131147540984 0.164 0.8885245901639345
4 0.296 0.4557377049180328 0.16 0.8590163934426229
4 0.451 0.45081967213114754 0.154 0.8360655737704918
4 0.594 0.4360655737704918 0.14 0.7934426229508197
4 0.707 0.42295081967213116 0.122 0.7540983606557377
4 0.8200000000000001 0.4131147540983607 0.128 0.7278688524590164
4 0.928 0.40491803278688526 0.116 0.6918032786885245
