10 0.438 0.8533333333333333 0.636 0.29333333333333333
8 0.844 0.8093333333333333 0.176 0.3813333333333333
14 0.537 0.3733333333333333 0.314 0.4053333333333333
14 0.601 0.5733333333333334 0.262 0.3253333333333333
14 0.37 0.5693333333333334 0.22 0.2693333333333333
14 0.162 0.6373333333333333 0.20400000000000001 0.35733333333333334
4 0.41400000000000003 0.7066666666666667 0.032 0.10133333333333333
14 0.794 0.712 0.192 0.576
14 0.639 0.416 0.082 0.208
14 0.307 0.41733333333333333 0.078 0.27999999999999997
4 0.376 0.6653333333333333 0.032 0.07733333333333334
