3 0.5013333333333333 0.847 0.9973333333333333 0.298
3 0.5599999999999999 0.6910000000000001 0.88 0.20600000000000002
3 0.6053333333333333 0.498 0.7893333333333333 0.192
3 0.492 0.181 0.376 0.08600000000000001
3 0.4453333333333333 0.20600000000000002 0.224 0.056
3 0.8573333333333333 0.297 0.2853333333333333 0.106
14 0.436 0.417 0.06666666666666667 0.134
14 0.5866666666666667 0.639 0.12266666666666666 0.20600000000000002
14 0.26266666666666666 0.619 0.16799999999999998 0.222
3 0.39066666666666666 0.278 0.152 0.08
3 0.07733333333333334 0.244 0.14933333333333332 0.108
14 0.7466666666666666 0.422 0.06933333333333333 0.124
