14 0.514 0.47897897897897895 0.112 0.4774774774774775
15 0.333 0.37237237237237236 0.034 0.07807807807807808
15 0.28600000000000003 0.37537537537537535 0.032 0.06606606606606606
15 0.367 0.6441441441441441 0.158 0.22522522522522523
8 0.844 0.8258258258258259 0.18 0.3363363363363363
15 0.737 0.6486486486486487 0.19 0.43843843843843844
15 0.165 0.5570570570570571 0.222 0.3993993993993994
15 0.13 0.6636636636636637 0.2 0.3063063063063063
15 0.169 0.7882882882882882 0.162 0.2732732732732733
15 0.117 0.7867867867867868 0.23 0.3663663663663664
