14 0.585 0.6466666666666666 0.114 0.7013333333333334
14 0.497 0.6546666666666666 0.11 0.536
14 0.388 0.6573333333333333 0.092 0.568
14 0.308 0.6 0.28400000000000003 0.608
14 0.32 0.6066666666666667 0.068 0.5786666666666667
14 0.686 0.5493333333333333 0.08 0.09066666666666666
10 0.8160000000000001 0.844 0.36 0.312
8 0.294 0.844 0.20800000000000002 0.30666666666666664
8 0.244 0.8746666666666666 0.228 0.25066666666666665
15 0.09 0.6813333333333333 0.176 0.376
14 0.43 0.6133333333333333 0.048 0.4106666666666667
