14 0.038 0.22266666666666665 0.07200000000000001 0.13599999999999998
14 0.387 0.30933333333333335 0.17 0.512
14 0.543 0.344 0.182 0.42133333333333334
14 0.6960000000000001 0.24666666666666665 0.156 0.22666666666666666
14 0.14300000000000002 0.6839999999999999 0.194 0.632
14 0.289 0.4493333333333333 0.166 0.296
14 0.48 0.43066666666666664 0.17200000000000001 0.25866666666666666
14 0.6920000000000001 0.444 0.23600000000000002 0.30666666666666664
14 0.849 0.6746666666666666 0.28200000000000003 0.6506666666666666
10 0.47000000000000003 0.7653333333333333 0.848 0.432
