13 0.893 0.16375545851528384 0.058 0.23144104803493448
14 0.8160000000000001 0.5960698689956332 0.088 0.7205240174672489
14 0.638 0.5436681222707423 0.10400000000000001 0.7292576419213973
14 0.685 0.5480349344978166 0.094 0.6943231441048034
14 0.454 0.4585152838427947 0.124 0.6724890829694323
14 0.221 0.4170305676855895 0.10200000000000001 0.7729257641921397
14 0.136 0.3449781659388646 0.108 0.6637554585152838
14 0.891 0.6703056768558951 0.10200000000000001 0.6593886462882096
1 0.145 0.5676855895196506 0.07 0.44541484716157204
1 0.428 0.5764192139737991 0.2 0.3930131004366812
1 0.784 0.740174672489083 0.076 0.4759825327510917
1 0.609 0.6572052401746724 0.11 0.5021834061135371
14 0.896 0.14192139737991266 0.06 0.2663755458515284
