6 0.714 0.7506666666666666 0.396 0.35466666666666663
14 0.602 0.7266666666666667 0.108 0.5253333333333333
14 0.495 0.7066666666666667 0.106 0.4373333333333333
14 0.404 0.6933333333333334 0.096 0.44266666666666665
14 0.325 0.6813333333333333 0.10200000000000001 0.504
14 0.04 0.6586666666666666 0.064 0.19733333333333333
14 0.1 0.6613333333333333 0.04 0.192
14 0.139 0.6626666666666666 0.046 0.19466666666666665
6 0.10400000000000001 0.6679999999999999 0.20400000000000001 0.104
14 0.11 0.3373333333333333 0.076 0.17333333333333334
6 0.891 0.8106666666666666 0.218 0.37866666666666665
6 0.89 0.6759999999999999 0.10400000000000001 0.06666666666666667
