19 0.184 0.6981981981981982 0.228 0.24924924924924924
19 0.588 0.6651651651651651 0.20800000000000002 0.2552552552552553
19 0.438 0.5705705705705706 0.124 0.17417417417417416
19 0.193 0.5495495495495496 0.134 0.1021021021021021
19 0.293 0.466966966966967 0.074 0.0990990990990991
19 0.359 0.5165165165165165 0.09 0.12012012012012012
19 0.553 0.46846846846846846 0.07 0.08408408408408408
19 0.659 0.487987987987988 0.094 0.10510510510510511
19 0.802 0.5180180180180181 0.136 0.13513513513513514
19 0.902 0.46546546546546547 0.088 0.09009009009009009
19 0.9430000000000001 0.506006006006006 0.114 0.12312312312312312
8 0.869 0.7177177177177178 0.15 0.34234234234234234
