14 0.48933333333333334 0.536 0.17866666666666667 0.41600000000000004
13 0.11066666666666666 0.773 0.216 0.326
13 0.17066666666666666 0.577 0.22933333333333333 0.28600000000000003
13 0.64 0.514 0.128 0.152
15 0.8626666666666667 0.615 0.13066666666666665 0.17400000000000002
15 0.7733333333333333 0.607 0.11733333333333333 0.15
15 0.312 0.559 0.09066666666666666 0.08600000000000001
15 0.3413333333333333 0.494 0.058666666666666666 0.06
14 0.424 0.418 0.048 0.092
15 0.9573333333333333 0.906 0.08533333333333333 0.188
15 0.9333333333333333 0.871 0.13333333333333333 0.15
