14 0.5013333333333333 0.5640000000000001 0.9973333333333333 0.872
14 0.9386666666666666 0.134 0.12266666666666666 0.264
14 0.18 0.082 0.06133333333333333 0.12
14 0.23199999999999998 0.09 0.06933333333333333 0.112
14 0.6453333333333333 0.136 0.058666666666666666 0.084
14 0.576 0.097 0.05333333333333333 0.122
14 0.536 0.121 0.03733333333333333 0.062
14 0.3253333333333333 0.091 0.048 0.098
14 0.3773333333333333 0.099 0.050666666666666665 0.09
14 0.08533333333333333 0.11800000000000001 0.05333333333333333 0.052000000000000005
