4 0.935 0.11599999999999999 0.08600000000000001 0.22666666666666666
4 0.86 0.10933333333333332 0.068 0.21333333333333332
4 0.794 0.10666666666666666 0.076 0.208
4 0.725 0.11066666666666666 0.066 0.216
4 0.66 0.10533333333333333 0.07200000000000001 0.20533333333333334
4 0.611 0.10533333333333333 0.062 0.20533333333333334
4 0.562 0.10266666666666667 0.04 0.19999999999999998
4 0.323 0.088 0.022 0.10133333333333333
14 0.196 0.07333333333333333 0.08 0.14133333333333334
14 0.356 0.06799999999999999 0.048 0.13066666666666665
