14 0.657 0.5386666666666666 0.23 0.17066666666666666
14 0.623 0.5599999999999999 0.066 0.112
14 0.462 0.5493333333333333 0.1 0.16
14 0.32 0.656 0.152 0.448
14 0.9570000000000001 0.6786666666666666 0.08600000000000001 0.22666666666666666
14 0.9380000000000001 0.5546666666666666 0.124 0.18666666666666665
8 0.803 0.8626666666666667 0.202 0.27466666666666667
8 0.618 0.8186666666666667 0.176 0.304
8 0.47500000000000003 0.8466666666666667 0.194 0.30666666666666664
10 0.551 0.74 0.506 0.2853333333333333
14 0.8270000000000001 0.7293333333333333 0.222 0.45599999999999996
