10 0.799 0.7027027027027027 0.402 0.46846846846846846
8 0.652 0.596096096096096 0.116 0.2852852852852853
8 0.6980000000000001 0.6456456456456456 0.124 0.3183183183183183
8 0.771 0.7012012012012012 0.146 0.3813813813813814
8 0.915 0.6936936936936937 0.166 0.35435435435435436
8 0.805 0.48648648648648646 0.05 0.06006006006006006
8 0.594 0.5330330330330331 0.084 0.2012012012012012
8 0.321 0.5675675675675675 0.098 0.16816816816816815
17 0.463 0.5075075075075075 0.154 0.18018018018018017
17 0.128 0.5075075075075075 0.152 0.21021021021021022
8 0.211 0.7462462462462462 0.20600000000000002 0.35735735735735735
8 0.847 0.6471471471471472 0.11 0.3213213213213213
