14 0.746 0.5545112781954887 0.084 0.33458646616541354
14 0.62 0.6240601503759398 0.176 0.24812030075187969
14 0.659 0.43796992481203006 0.05 0.36466165413533835
14 0.798 0.45300751879699247 0.068 0.4022556390977443
14 0.741 0.3590225563909774 0.066 0.23684210526315788
14 0.603 0.5112781954887218 0.074 0.2706766917293233
14 0.599 0.36278195488721804 0.054 0.23684210526315788
14 0.51 0.537593984962406 0.044 0.22556390977443608
14 0.47400000000000003 0.5244360902255639 0.036000000000000004 0.24436090225563908
14 0.12 0.5620300751879699 0.108 0.3721804511278195
14 0.3 0.6240601503759398 0.17200000000000001 0.2781954887218045
14 0.306 0.537593984962406 0.112 0.3157894736842105
14 0.353 0.4680451127819549 0.054 0.3571428571428571
14 0.41400000000000003 0.4548872180451128 0.07200000000000001 0.3684210526315789
14 0.47000000000000003 0.4680451127819549 0.07200000000000001 0.3571428571428571
14 0.219 0.47368421052631576 0.082 0.40601503759398494
14 0.168 0.4605263157894737 0.06 0.40977443609022557
