4 0.399 0.348 0.074 0.09333333333333332
4 0.729 0.356 0.038 0.19999999999999998
4 0.835 0.3426666666666667 0.05 0.16266666666666665
4 0.399 0.5146666666666666 0.074 0.30933333333333335
4 0.13 0.3773333333333333 0.04 0.152
4 0.169 0.4573333333333333 0.074 0.18933333333333333
14 0.324 0.4973333333333333 0.352 0.952
14 0.6890000000000001 0.23066666666666666 0.322 0.45066666666666666
14 0.726 0.5013333333333333 0.548 0.9973333333333333
14 0.117 0.7093333333333333 0.23 0.5813333333333334
10 0.448 0.6839999999999999 0.804 0.632
