16 0.749 0.5466666666666666 0.426 0.9066666666666666
16 0.279 0.5293333333333333 0.494 0.7173333333333333
16 0.936 0.33599999999999997 0.10400000000000001 0.224
16 0.249 0.19066666666666665 0.134 0.14666666666666667
16 0.044 0.29866666666666664 0.084 0.304
16 0.401 0.12666666666666665 0.08600000000000001 0.104
16 0.504 0.24533333333333332 0.068 0.23466666666666666
16 0.592 0.156 0.068 0.07733333333333334
16 0.546 0.256 0.044 0.21333333333333332
16 0.339 0.148 0.05 0.06133333333333333
16 0.13 0.21733333333333332 0.10400000000000001 0.152
16 0.9530000000000001 0.5586666666666666 0.094 0.22666666666666666
