6 0.227 0.7386666666666667 0.262 0.13333333333333333
6 0.116 0.7293333333333333 0.168 0.10933333333333332
6 0.024 0.7333333333333333 0.04 0.06933333333333333
6 0.04 0.6893333333333334 0.076 0.050666666666666665
6 0.41400000000000003 0.7053333333333333 0.08 0.06133333333333333
6 0.487 0.6986666666666667 0.13 0.09066666666666666
6 0.541 0.7106666666666667 0.138 0.072
6 0.594 0.6839999999999999 0.076 0.04533333333333333
6 0.636 0.6973333333333334 0.064 0.04
6 0.68 0.7106666666666667 0.12 0.088
6 0.761 0.6893333333333334 0.07 0.029333333333333333
6 0.983 0.7026666666666667 0.034 0.056
6 0.873 0.6866666666666666 0.078 0.029333333333333333
6 0.915 0.6826666666666666 0.054 0.048
