14 0.9560000000000001 0.88 0.088 0.24
8 0.897 0.9373333333333334 0.08600000000000001 0.12533333333333332
8 0.841 0.8986666666666666 0.074 0.15466666666666667
8 0.777 0.8626666666666667 0.13 0.13066666666666665
8 0.772 0.968 0.136 0.064
8 0.729 0.9373333333333334 0.074 0.12533333333333332
8 0.648 0.884 0.06 0.104
8 0.595 0.8546666666666667 0.058 0.09333333333333332
8 0.47800000000000004 0.9586666666666667 0.14 0.08266666666666667
8 0.432 0.9293333333333333 0.108 0.10933333333333332
8 0.394 0.9053333333333333 0.10400000000000001 0.152
8 0.221 0.9253333333333333 0.10200000000000001 0.13866666666666666
8 0.169 0.9493333333333333 0.146 0.10133333333333333
10 0.849 0.8293333333333333 0.138 0.07466666666666666
10 0.487 0.872 0.14200000000000002 0.042666666666666665
10 0.538 0.9146666666666666 0.168 0.064
10 0.611 0.96 0.194 0.06933333333333333
10 0.1 0.9173333333333333 0.14 0.058666666666666666
10 0.049 0.9706666666666667 0.094 0.058666666666666666
