10 0.5013333333333333 0.731 0.9973333333333333 0.538
14 0.39599999999999996 0.543 0.6799999999999999 0.434
8 0.8133333333333334 0.668 0.33599999999999997 0.252
10 0.8946666666666666 0.217 0.21066666666666667 0.058
10 0.692 0.171 0.08266666666666667 0.03
14 0.8386666666666667 0.073 0.12533333333333332 0.08600000000000001
14 0.644 0.08600000000000001 0.050666666666666665 0.024
14 0.692 0.083 0.06133333333333333 0.038
14 0.27599999999999997 0.121 0.06666666666666667 0.158
14 0.37466666666666665 0.116 0.072 0.156
