10 0.43 0.8079999999999999 0.856 0.384
14 0.352 0.42533333333333334 0.34 0.52
14 0.72 0.5146666666666666 0.388 0.6453333333333333
8 0.352 0.5213333333333333 0.388 0.248
8 0.855 0.7213333333333333 0.134 0.5573333333333333
8 0.9590000000000001 0.448 0.082 0.13866666666666666
14 0.932 0.30533333333333335 0.136 0.2906666666666667
14 0.9540000000000001 0.3506666666666667 0.092 0.19999999999999998
14 0.759 0.288 0.042 0.05333333333333333
14 0.705 0.292 0.034 0.10933333333333332
10 0.759 0.39199999999999996 0.062 0.08533333333333333
10 0.807 0.37866666666666665 0.026000000000000002 0.09066666666666666
10 0.8170000000000001 0.356 0.026000000000000002 0.07733333333333334
