14 0.752 0.41291291291291293 0.096 0.16516516516516516
14 0.627 0.4084084084084084 0.146 0.3063063063063063
14 0.685 0.3933933933933934 0.062 0.21021021021021022
14 0.524 0.3993993993993994 0.14 0.3843843843843844
14 0.47400000000000003 0.3738738738738739 0.23600000000000002 0.4294294294294294
14 0.307 0.42042042042042044 0.226 0.5645645645645646
14 0.11900000000000001 0.4264264264264264 0.234 0.6906906906906907
14 0.898 0.44594594594594594 0.192 0.42342342342342343
14 0.856 0.44744744744744747 0.108 0.3123123123123123
14 0.859 0.5975975975975976 0.28200000000000003 0.8048048048048048
10 0.444 0.7567567567567568 0.884 0.48648648648648646
4 0.387 0.509009009009009 0.078 0.2072072072072072
