17 0.592 0.47866666666666663 0.492 0.2693333333333333
11 0.644 0.5093333333333333 0.132 0.10133333333333333
14 0.656 0.7333333333333333 0.368 0.49066666666666664
8 0.59 0.8933333333333333 0.492 0.21333333333333332
8 0.14200000000000002 0.9026666666666666 0.28 0.19466666666666665
11 0.191 0.7266666666666667 0.218 0.30133333333333334
14 0.514 0.444 0.14 0.25866666666666666
4 0.46900000000000003 0.536 0.03 0.08
8 0.32 0.444 0.092 0.264
14 0.061 0.6973333333333334 0.11800000000000001 0.2906666666666667
