11 0.627 0.48739495798319327 0.438 0.6106442577030813
14 0.335 0.4327731092436975 0.29 0.7254901960784313
14 0.049 0.2703081232492997 0.094 0.5350140056022409
11 0.962 0.4103641456582633 0.076 0.32212885154061627
8 0.836 0.32492997198879553 0.14400000000000002 0.25210084033613445
11 0.649 0.3277310924369748 0.126 0.1400560224089636
14 0.488 0.16246498599439776 0.07200000000000001 0.09523809523809523
6 0.136 0.18627450980392157 0.232 0.29411764705882354
6 0.535 0.17086834733893558 0.31 0.33613445378151263
6 0.844 0.22969187675070027 0.312 0.2913165266106443
6 0.275 0.10364145658263306 0.05 0.08403361344537816
