10 0.539 0.688 0.6900000000000001 0.624
15 0.44 0.21866666666666665 0.06 0.08533333333333333
15 0.391 0.23866666666666667 0.062 0.08266666666666667
8 0.623 0.36 0.11800000000000001 0.06933333333333333
8 0.916 0.6146666666666667 0.168 0.6373333333333333
8 0.188 0.8453333333333333 0.372 0.30933333333333335
8 0.16 0.384 0.1 0.2826666666666667
14 0.13 0.62 0.248 0.6
14 0.914 0.5519999999999999 0.136 0.5706666666666667
14 0.293 0.30933333333333335 0.262 0.44266666666666665
1 0.681 0.16133333333333333 0.05 0.13066666666666665
1 0.642 0.16266666666666665 0.032 0.12266666666666666
