10 0.042 0.8237704918032787 0.08 0.13387978142076504
8 0.069 0.8620218579234973 0.126 0.27595628415300544
8 0.9450000000000001 0.9398907103825137 0.11 0.12021857923497267
8 0.9540000000000001 0.819672131147541 0.092 0.15300546448087432
10 0.901 0.825136612021858 0.194 0.2677595628415301
8 0.781 0.8128415300546448 0.106 0.28688524590163933
8 0.614 0.7103825136612022 0.07200000000000001 0.07650273224043716
8 0.673 0.8565573770491803 0.138 0.28688524590163933
8 0.456 0.8387978142076503 0.08 0.29508196721311475
8 0.539 0.8715846994535519 0.146 0.2568306010928962
10 0.591 0.8469945355191257 0.262 0.30601092896174864
8 0.23500000000000001 0.5724043715846995 0.046 0.10655737704918032
8 0.307 0.6024590163934426 0.074 0.13934426229508196
14 0.326 0.5505464480874317 0.07200000000000001 0.16666666666666666
14 0.342 0.5068306010928961 0.036000000000000004 0.07923497267759563
14 0.624 0.4603825136612022 0.048 0.07923497267759563
14 0.712 0.46994535519125685 0.052000000000000005 0.0546448087431694
