5 0.255 0.33599999999999997 0.506 0.6666666666666666
14 0.075 0.6706666666666666 0.146 0.6586666666666666
14 0.189 0.6613333333333333 0.126 0.5439999999999999
14 0.305 0.6266666666666666 0.13 0.5813333333333334
14 0.392 0.54 0.1 0.42933333333333334
14 0.44 0.6826666666666666 0.124 0.6026666666666667
14 0.468 0.568 0.184 0.496
14 0.5720000000000001 0.6226666666666666 0.276 0.5893333333333333
14 0.683 0.6253333333333333 0.146 0.6266666666666666
14 0.81 0.6333333333333333 0.14 0.6693333333333333
14 0.92 0.6506666666666666 0.16 0.6986666666666667
