10 0.675 0.9144385026737968 0.418 0.1711229946524064
8 0.403 0.979946524064171 0.122 0.040106951871657755
8 0.47200000000000003 0.874331550802139 0.12 0.25133689839572193
15 0.741 0.6176470588235293 0.386 0.4064171122994652
15 0.23600000000000002 0.6403743315508021 0.10400000000000001 0.32352941176470584
8 0.394 0.6671122994652406 0.124 0.19518716577540104
8 0.551 0.6671122994652406 0.122 0.18983957219251335
17 0.463 0.5334224598930482 0.17400000000000002 0.10962566844919786
15 0.451 0.5374331550802138 0.054 0.11764705882352941
15 0.5680000000000001 0.49866310160427807 0.04 0.034759358288770054
8 0.253 0.6256684491978609 0.134 0.1818181818181818
8 0.28700000000000003 0.5909090909090908 0.11 0.1550802139037433
15 0.31 0.4879679144385026 0.10400000000000001 0.15775401069518716
