4 0.296 0.592 0.14400000000000002 0.5866666666666667
4 0.43 0.5573333333333333 0.124 0.5546666666666666
4 0.542 0.5226666666666666 0.124 0.5333333333333333
4 0.636 0.4573333333333333 0.096 0.49866666666666665
4 0.725 0.48266666666666663 0.17 0.496
4 0.23800000000000002 0.508 0.108 0.5626666666666666
4 0.369 0.30266666666666664 0.106 0.20533333333333334
4 0.489 0.27466666666666667 0.08600000000000001 0.17066666666666666
4 0.729 0.24133333333333332 0.094 0.12533333333333332
4 0.023 0.212 0.042 0.41866666666666663
4 0.105 0.19999999999999998 0.162 0.39466666666666667
4 0.1 0.5626666666666666 0.14 0.3466666666666667
4 0.025 0.5986666666666667 0.046 0.33866666666666667
4 0.028 0.8986666666666666 0.052000000000000005 0.20266666666666666
4 0.10300000000000001 0.8653333333333333 0.13 0.2693333333333333
4 0.297 0.9426666666666667 0.11 0.11466666666666667
4 0.41200000000000003 0.9319999999999999 0.108 0.13599999999999998
4 0.517 0.9226666666666666 0.094 0.15466666666666667
4 0.616 0.8986666666666666 0.088 0.20266666666666666
4 0.6960000000000001 0.888 0.108 0.224
4 0.788 0.8666666666666666 0.092 0.26666666666666666
