8 0.745 0.39066666666666666 0.058 0.104
8 0.752 0.46266666666666667 0.056 0.09333333333333332
8 0.9560000000000001 0.7666666666666666 0.088 0.17333333333333334
8 0.868 0.6746666666666666 0.084 0.144
8 0.861 0.5853333333333333 0.07 0.13599999999999998
8 0.722 0.5186666666666666 0.068 0.12
8 0.745 0.7013333333333334 0.07 0.13866666666666666
8 0.652 0.5053333333333333 0.056 0.13066666666666665
8 0.683 0.7773333333333333 0.07 0.14133333333333334
8 0.613 0.8506666666666667 0.082 0.144
8 0.512 0.9119999999999999 0.07200000000000001 0.14933333333333332
8 0.434 0.9186666666666666 0.076 0.16266666666666665
8 0.55 0.7066666666666667 0.068 0.14933333333333332
8 0.46900000000000003 0.5466666666666666 0.058 0.13333333333333333
8 0.491 0.42266666666666663 0.062 0.12
8 0.373 0.3853333333333333 0.05 0.104
8 0.313 0.45066666666666666 0.05 0.13866666666666666
8 0.342 0.6373333333333333 0.068 0.144
