6 0.034 0.22674418604651161 0.064 0.053488372093023255
6 0.209 0.3023255813953488 0.41400000000000003 0.22325581395348837
6 0.376 0.19069767441860463 0.044 0.046511627906976744
6 0.389 0.19883720930232557 0.046 0.06744186046511627
6 0.447 0.19534883720930232 0.074 0.06511627906976744
6 0.589 0.16162790697674417 0.158 0.10465116279069767
6 0.861 0.1883720930232558 0.278 0.12558139534883722
14 0.493 0.4081395348837209 0.14200000000000002 0.672093023255814
13 0.256 0.5104651162790698 0.468 0.6162790697674418
13 0.681 0.5453488372093023 0.47800000000000004 0.7465116279069768
