14 0.753 0.43866666666666665 0.28200000000000003 0.44
14 0.202 0.628 0.34400000000000003 0.744
8 0.17 0.8306666666666667 0.336 0.33866666666666667
8 0.5 0.888 0.264 0.224
8 0.033 0.6 0.062 0.128
8 0.294 0.47733333333333333 0.096 0.07466666666666666
8 0.40900000000000003 0.46266666666666667 0.08600000000000001 0.15733333333333333
8 0.868 0.41466666666666663 0.052000000000000005 0.06666666666666667
8 0.633 0.3813333333333333 0.062 0.05333333333333333
10 0.67 0.5893333333333333 0.656 0.42666666666666664
8 0.41200000000000003 0.4493333333333333 0.14 0.14133333333333334
10 0.434 0.7306666666666667 0.864 0.5386666666666666
14 0.539 0.4093333333333333 0.23 0.35466666666666663
