10 0.627 0.6186666666666667 0.114 0.16
8 0.5640000000000001 0.6186666666666667 0.07200000000000001 0.15466666666666667
8 0.683 0.6266666666666666 0.066 0.15466666666666667
8 0.561 0.592 0.066 0.128
10 0.321 0.588 0.246 0.13066666666666665
8 0.359 0.612 0.082 0.13599999999999998
8 0.276 0.5893333333333333 0.07200000000000001 0.112
8 0.41300000000000003 0.5853333333333333 0.05 0.14133333333333334
8 0.324 0.5266666666666666 0.048 0.024
8 0.249 0.5173333333333333 0.042 0.016
14 0.729 0.5093333333333333 0.058 0.07466666666666666
8 0.707 0.504 0.078 0.064
