3 0.501 0.5015105740181269 0.998 0.9969788519637462
8 0.894 0.8413897280966768 0.192 0.2930513595166163
8 0.728 0.8746223564954683 0.196 0.25075528700906347
8 0.521 0.8897280966767371 0.19 0.22054380664652568
8 0.368 0.7401812688821753 0.128 0.32628398791540786
14 0.98 0.44561933534743203 0.04 0.16012084592145015
14 0.9530000000000001 0.44410876132930516 0.094 0.18731117824773413
14 0.897 0.554380664652568 0.13 0.25075528700906347
14 0.897 0.6722054380664653 0.178 0.36555891238670696
14 0.735 0.5060422960725075 0.11 0.1903323262839879
14 0.711 0.7598187311178247 0.19 0.4199395770392749
14 0.656 0.4486404833836858 0.052000000000000005 0.12386706948640483
14 0.619 0.4909365558912387 0.094 0.20241691842900303
14 0.523 0.5362537764350453 0.106 0.19637462235649547
14 0.534 0.756797583081571 0.18 0.4199395770392749
14 0.40800000000000003 0.6903323262839879 0.10400000000000001 0.44410876132930516
10 0.646 0.6616314199395771 0.384 0.1933534743202417
