8 0.739 0.6526946107784432 0.15 0.24550898203592816
8 0.7010000000000001 0.6332335329341318 0.13 0.2125748502994012
8 0.506 0.7110778443113773 0.14 0.24850299401197606
8 0.279 0.658682634730539 0.154 0.23353293413173654
8 0.297 0.6302395209580839 0.134 0.2065868263473054
15 0.675 0.5538922155688623 0.134 0.1377245508982036
15 0.35100000000000003 0.5913173652694611 0.13 0.19461077844311378
17 0.514 0.6047904191616766 0.192 0.19760479041916168
15 0.6 0.4760479041916168 0.064 0.04191616766467066
15 0.424 0.48053892215568866 0.052000000000000005 0.056886227544910184
15 0.6940000000000001 0.4191616766467066 0.152 0.17964071856287425
15 0.34900000000000003 0.4236526946107785 0.242 0.2065868263473054
