3 0.631 0.4573333333333333 0.482 0.5466666666666666
3 0.501 0.5013333333333333 0.998 0.9973333333333333
14 0.198 0.252 0.056 0.13066666666666665
14 0.467 0.6666666666666666 0.046 0.144
14 0.377 0.6173333333333333 0.026000000000000002 0.12533333333333332
14 0.418 0.5866666666666667 0.04 0.15466666666666667
14 0.526 0.8946666666666666 0.064 0.16266666666666665
14 0.395 0.6026666666666667 0.022 0.11733333333333333
14 0.136 0.19999999999999998 0.024 0.08533333333333333
14 0.178 0.21866666666666665 0.032 0.10666666666666666
