14 0.8200000000000001 0.6036036036036035 0.076 0.3063063063063063
14 0.657 0.551051051051051 0.05 0.23723723723723725
14 0.622 0.56006006006006 0.068 0.21921921921921922
14 0.534 0.43543543543543545 0.028 0.08408408408408408
12 0.56 0.5345345345345345 0.124 0.25225225225225223
12 0.464 0.5990990990990991 0.10400000000000001 0.35735735735735735
12 0.357 0.5555555555555556 0.098 0.18018018018018017
14 0.343 0.4804804804804805 0.062 0.17417417417417416
14 0.209 0.481981981981982 0.078 0.16516516516516516
14 0.056 0.484984984984985 0.024 0.04504504504504504
14 0.069 0.4774774774774775 0.026000000000000002 0.06006006006006006
14 0.016 0.4804804804804805 0.028 0.07207207207207207
12 0.20500000000000002 0.542042042042042 0.066 0.19519519519519518
