8 0.587 0.34933333333333333 0.10200000000000001 0.33599999999999997
8 0.382 0.22533333333333333 0.088 0.11466666666666667
8 0.295 0.26266666666666666 0.082 0.104
8 0.232 0.41333333333333333 0.116 0.3733333333333333
8 0.153 0.4653333333333333 0.166 0.41866666666666663
8 0.35100000000000003 0.6226666666666666 0.302 0.5573333333333333
8 0.8160000000000001 0.3213333333333333 0.124 0.296
8 0.79 0.3333333333333333 0.10400000000000001 0.224
8 0.744 0.4653333333333333 0.228 0.44
8 0.727 0.5439999999999999 0.266 0.5493333333333333
10 0.46 0.5026666666666666 0.636 0.472
