4 0.9813333333333333 0.741 0.03733333333333333 0.066
4 0.956 0.721 0.088 0.094
4 0.9173333333333333 0.716 0.096 0.084
4 0.876 0.71 0.09866666666666667 0.084
4 0.8333333333333333 0.709 0.10933333333333332 0.074
4 0.9706666666666667 0.846 0.058666666666666666 0.084
4 0.9453333333333332 0.842 0.09333333333333332 0.084
4 0.9053333333333333 0.834 0.09866666666666667 0.08
4 0.86 0.8280000000000001 0.10933333333333332 0.08
4 0.8226666666666667 0.8220000000000001 0.104 0.07200000000000001
4 0.8413333333333333 0.9400000000000001 0.10933333333333332 0.08
