2 0.09 0.3888888888888889 0.052000000000000005 0.08888888888888889
2 0.105 0.3472222222222222 0.07 0.08333333333333334
2 0.234 0.5361111111111111 0.056 0.09444444444444444
2 0.381 0.5416666666666667 0.066 0.11666666666666667
2 0.47300000000000003 0.7277777777777779 0.058 0.08888888888888889
2 0.498 0.6944444444444444 0.06 0.11111111111111112
2 0.653 0.7222222222222222 0.058 0.14444444444444446
2 0.797 0.4916666666666667 0.062 0.11666666666666667
2 0.721 0.3666666666666667 0.07 0.1
2 0.648 0.5611111111111111 0.068 0.08888888888888889
