10 0.293 0.6814516129032259 0.09 0.09946236559139786
14 0.215 0.8131720430107527 0.126 0.3521505376344086
14 0.35100000000000003 0.6881720430107527 0.09 0.13978494623655915
14 0.41300000000000003 0.8239247311827957 0.17400000000000002 0.3521505376344086
14 0.453 0.6653225806451614 0.046 0.07795698924731183
14 0.514 0.7634408602150539 0.108 0.25806451612903225
10 0.313 0.7943548387096775 0.158 0.07258064516129033
10 0.487 0.614247311827957 0.058 0.06720430107526883
14 0.578 0.5967741935483871 0.048 0.11827956989247312
14 0.5650000000000001 0.7110215053763441 0.098 0.30376344086021506
14 0.632 0.6948924731182796 0.06 0.28763440860215056
14 0.7030000000000001 0.6948924731182796 0.094 0.27688172043010756
10 0.604 0.7540322580645162 0.084 0.19623655913978497
14 0.986 0.4771505376344086 0.028 0.08333333333333334
14 0.805 0.5846774193548387 0.046 0.051075268817204304
14 0.768 0.6330645161290324 0.07200000000000001 0.1532258064516129
14 0.838 0.6276881720430108 0.06 0.12096774193548387
14 0.9540000000000001 0.5618279569892474 0.06 0.08064516129032259
14 0.962 0.6088709677419355 0.076 0.12634408602150538
14 0.9390000000000001 0.6236559139784946 0.106 0.12365591397849464
6 0.865 0.5443548387096775 0.27 0.10483870967741936
10 0.849 0.6411290322580646 0.134 0.07258064516129033
10 0.897 0.7271505376344086 0.20600000000000002 0.08333333333333334
10 0.863 0.8857526881720431 0.274 0.228494623655914
