6 0.968 0.5266666666666666 0.02 0.029333333333333333
6 0.9440000000000001 0.528 0.032 0.03733333333333333
6 0.905 0.5333333333333333 0.046 0.042666666666666665
6 0.871 0.5293333333333333 0.018000000000000002 0.04533333333333333
5 0.519 0.508 0.686 0.6746666666666666
14 0.613 0.45866666666666667 0.07 0.10666666666666666
6 0.1 0.6093333333333333 0.188 0.14666666666666667
6 0.024 0.632 0.044 0.14933333333333332
14 0.353 0.42533333333333334 0.10200000000000001 0.13599999999999998
14 0.41300000000000003 0.448 0.066 0.144
14 0.924 0.7453333333333333 0.056 0.216
14 0.974 0.7066666666666667 0.052000000000000005 0.31466666666666665
14 0.993 0.5586666666666666 0.014 0.09866666666666667
6 0.868 0.5893333333333333 0.02 0.08533333333333333
