6 0.39937106918238996 0.46 0.5534591194968553 0.312
6 0.828616352201258 0.451 0.29874213836477986 0.214
6 0.07547169811320756 0.397 0.14465408805031446 0.182
14 0.9040880503144655 0.433 0.1729559748427673 0.314
14 0.9669811320754718 0.47400000000000003 0.0660377358490566 0.28800000000000003
14 0.8490566037735849 0.333 0.06289308176100629 0.066
14 0.6839622641509434 0.369 0.0660377358490566 0.114
14 0.6037735849056605 0.36 0.07547169811320756 0.12
14 0.07547169811320756 0.304 0.06918238993710692 0.076
14 0.13364779874213836 0.333 0.0660377358490566 0.114
14 0.19339622641509435 0.34400000000000003 0.04716981132075472 0.092
