10 0.5626666666666666 0.357 0.5173333333333333 0.158
8 0.34933333333333333 0.314 0.064 0.048
8 0.7666666666666666 0.321 0.06133333333333333 0.054
8 0.7999999999999999 0.41600000000000004 0.096 0.152
8 0.30666666666666664 0.41000000000000003 0.09066666666666666 0.16
8 0.21866666666666665 0.535 0.15466666666666667 0.21
8 0.876 0.543 0.16266666666666665 0.20600000000000002
8 0.26666666666666666 0.765 0.5013333333333333 0.47000000000000003
8 0.772 0.798 0.45599999999999996 0.404
10 0.5439999999999999 0.711 0.8266666666666667 0.578
14 0.9173333333333333 0.34900000000000003 0.16533333333333333 0.65
