4 0.035 0.2826666666666667 0.034 0.096
8 0.093 0.5599999999999999 0.138 0.39999999999999997
10 0.124 0.33199999999999996 0.244 0.13599999999999998
14 0.47000000000000003 0.252 0.12 0.45066666666666666
8 0.8230000000000001 0.312 0.058 0.18666666666666665
8 0.907 0.40399999999999997 0.122 0.2693333333333333
14 0.884 0.19866666666666666 0.112 0.27466666666666667
14 0.926 0.2613333333333333 0.148 0.35733333333333334
4 0.481 0.9039999999999999 0.074 0.192
8 0.923 0.516 0.11 0.19466666666666665
10 0.549 0.7893333333333333 0.902 0.42133333333333334
14 0.266 0.4666666666666667 0.388 0.6719999999999999
14 0.643 0.42933333333333334 0.31 0.5493333333333333
