6 0.029 0.18133333333333332 0.054 0.08533333333333333
6 0.084 0.18133333333333332 0.108 0.09066666666666666
6 0.191 0.17866666666666667 0.146 0.11733333333333333
6 0.28300000000000003 0.14266666666666666 0.11 0.12533333333333332
14 0.259 0.16133333333333333 0.026000000000000002 0.13066666666666665
14 0.28700000000000003 0.16266666666666665 0.038 0.128
6 0.372 0.132 0.088 0.072
6 0.436 0.12666666666666665 0.044 0.06133333333333333
6 0.47700000000000004 0.12 0.066 0.08533333333333333
6 0.64 0.144 0.116 0.09066666666666666
6 0.765 0.152 0.17400000000000002 0.10133333333333333
6 0.916 0.144 0.168 0.13333333333333333
13 0.47000000000000003 0.6146666666666667 0.62 0.6799999999999999
14 0.515 0.48533333333333334 0.31 0.8853333333333333
