10 0.368 0.7919999999999999 0.6 0.416
8 0.547 0.7933333333333333 0.258 0.41333333333333333
8 0.603 0.5786666666666667 0.10200000000000001 0.14933333333333332
8 0.449 0.5586666666666666 0.078 0.12
8 0.184 0.5733333333333334 0.1 0.112
8 0.14300000000000002 0.7893333333333333 0.222 0.42133333333333334
8 0.242 0.8026666666666666 0.276 0.39466666666666667
8 0.082 0.5386666666666666 0.056 0.10666666666666666
8 0.015 0.5573333333333333 0.026000000000000002 0.10666666666666666
15 0.754 0.048 0.124 0.09066666666666666
15 0.49 0.13866666666666666 0.164 0.192
15 0.791 0.5946666666666667 0.138 0.18133333333333332
4 0.71 0.19066666666666665 0.032 0.10933333333333332
4 0.6930000000000001 0.192 0.026000000000000002 0.10133333333333333
4 0.678 0.19733333333333333 0.024 0.10133333333333333
15 0.798 0.16666666666666666 0.092 0.09333333333333332
