14 0.055 0.6841317365269461 0.106 0.6317365269461078
14 0.615 0.6452095808383234 0.234 0.7095808383233534
14 0.377 0.6736526946107785 0.41400000000000003 0.6526946107784432
14 0.312 0.4910179640718563 0.112 0.28742514970059885
14 0.812 0.5179640718562875 0.12 0.45508982035928147
14 0.9460000000000001 0.6332335329341318 0.108 0.3862275449101797
14 0.93 0.561377245508982 0.14 0.5538922155688623
1 0.147 0.874251497005988 0.29 0.251497005988024
1 0.459 0.8368263473053893 0.558 0.3263473053892216
1 0.687 0.8862275449101797 0.598 0.22754491017964074
