19 0.06 0.30266666666666664 0.116 0.21066666666666667
19 0.162 0.29333333333333333 0.14400000000000002 0.192
19 0.296 0.31066666666666665 0.14400000000000002 0.184
19 0.435 0.288 0.146 0.19733333333333333
19 0.5690000000000001 0.30933333333333335 0.126 0.16533333333333333
19 0.72 0.2786666666666667 0.164 0.19999999999999998
19 0.877 0.26266666666666666 0.158 0.19466666666666665
19 0.983 0.27999999999999997 0.034 0.21333333333333332
19 0.053 0.448 0.10200000000000001 0.16
19 0.164 0.4746666666666666 0.14400000000000002 0.18666666666666665
19 0.298 0.46799999999999997 0.132 0.14133333333333334
19 0.435 0.45599999999999996 0.146 0.17066666666666666
19 0.5670000000000001 0.48 0.126 0.176
19 0.6980000000000001 0.46799999999999997 0.152 0.19466666666666665
19 0.846 0.44666666666666666 0.14400000000000002 0.17866666666666667
19 0.972 0.47733333333333333 0.056 0.192
19 0.037 0.5973333333333333 0.07 0.18133333333333332
19 0.14 0.612 0.14400000000000002 0.184
19 0.28200000000000003 0.6293333333333333 0.132 0.192
19 0.41500000000000004 0.612 0.15 0.18933333333333333
19 0.562 0.6213333333333333 0.148 0.176
19 0.717 0.6266666666666666 0.158 0.19733333333333333
19 0.86 0.604 0.136 0.19999999999999998
19 0.978 0.6346666666666666 0.044 0.208
19 0.056 0.7906666666666666 0.108 0.19466666666666665
19 0.185 0.78 0.182 0.17333333333333334
19 0.389 0.756 0.17 0.22133333333333333
19 0.541 0.7746666666666666 0.138 0.18933333333333333
19 0.6970000000000001 0.7906666666666666 0.14200000000000002 0.184
19 0.846 0.772 0.164 0.14666666666666667
19 0.965 0.7999999999999999 0.07 0.16
19 0.043000000000000003 0.9066666666666666 0.082 0.058666666666666666
19 0.17 0.9013333333333333 0.17200000000000001 0.10666666666666666
19 0.353 0.9106666666666666 0.17 0.10933333333333332
19 0.537 0.9319999999999999 0.17 0.13599999999999998
19 0.713 0.9493333333333333 0.186 0.10133333333333333
19 0.709 0.9199999999999999 0.13 0.11733333333333333
19 0.867 0.952 0.122 0.096
19 0.968 0.8946666666666666 0.064 0.04
