10 0.5680000000000001 0.7653333333333333 0.38 0.4693333333333333
14 0.9470000000000001 0.6506666666666666 0.106 0.48533333333333334
14 0.618 0.6253333333333333 0.28 0.7493333333333333
8 0.654 0.716 0.364 0.568
14 0.254 0.62 0.504 0.76
15 0.47700000000000004 0.15333333333333332 0.11800000000000001 0.30133333333333334
4 0.212 0.23066666666666666 0.06 0.264
4 0.171 0.25866666666666666 0.058 0.224
4 0.078 0.2786666666666667 0.052000000000000005 0.23199999999999998
4 0.066 0.176 0.064 0.208
4 0.137 0.18266666666666667 0.018000000000000002 0.07733333333333334
4 0.14200000000000002 0.15066666666666667 0.028 0.10933333333333332
4 0.165 0.14133333333333334 0.03 0.10133333333333333
4 0.224 0.19866666666666666 0.048 0.24266666666666667
