4 0.032 0.756 0.06 0.3333333333333333
4 0.078 0.736 0.092 0.3253333333333333
4 0.14 0.712 0.1 0.33066666666666666
4 0.214 0.696 0.088 0.30933333333333335
4 0.28800000000000003 0.6693333333333333 0.092 0.33599999999999997
4 0.352 0.6573333333333333 0.108 0.328
4 0.425 0.6333333333333333 0.098 0.3333333333333333
4 0.503 0.6146666666666667 0.08600000000000001 0.3333333333333333
4 0.583 0.5893333333333333 0.10200000000000001 0.33599999999999997
4 0.662 0.5706666666666667 0.10400000000000001 0.3466666666666667
4 0.738 0.5293333333333333 0.096 0.37066666666666664
4 0.8290000000000001 0.508 0.098 0.37066666666666664
4 0.913 0.48666666666666664 0.098 0.376
4 0.977 0.44666666666666666 0.046 0.408
