10 0.525 0.6679999999999999 0.406 0.2693333333333333
8 0.47400000000000003 0.9 0.244 0.19999999999999998
14 0.705 0.7253333333333333 0.318 0.35733333333333334
8 0.71 0.8573333333333333 0.232 0.2853333333333333
14 0.877 0.6 0.106 0.256
8 0.89 0.7386666666666667 0.07200000000000001 0.2773333333333333
8 0.271 0.832 0.202 0.33066666666666666
14 0.306 0.6426666666666666 0.316 0.352
14 0.506 0.46399999999999997 0.08 0.13866666666666666
14 0.682 0.5333333333333333 0.112 0.18666666666666665
14 0.245 0.5466666666666666 0.114 0.208
14 0.36 0.48933333333333334 0.096 0.14133333333333334
14 0.649 0.4973333333333333 0.10200000000000001 0.15733333333333333
4 0.44 0.568 0.02 0.09066666666666666
4 0.35000000000000003 0.5253333333333333 0.02 0.06933333333333333
14 0.289 0.5386666666666666 0.138 0.224
8 0.153 0.616 0.042 0.208
