3 0.194 0.5479999999999999 0.296 0.5413333333333333
3 0.602 0.5866666666666667 0.268 0.592
3 0.624 0.212 0.32 0.10933333333333332
14 0.73 0.18133333333333332 0.04 0.10133333333333333
3 0.041 0.45866666666666667 0.078 0.19733333333333333
3 0.961 0.49866666666666665 0.078 0.35733333333333334
14 0.9510000000000001 0.34933333333333333 0.046 0.06933333333333333
3 0.851 0.64 0.23 0.64
14 0.778 0.6 0.092 0.176
14 0.926 0.6306666666666666 0.096 0.16799999999999998
14 0.905 0.48 0.07 0.13333333333333333
14 0.919 0.5466666666666666 0.078 0.128
14 0.769 0.5426666666666666 0.082 0.13066666666666665
14 0.758 0.5066666666666666 0.064 0.11733333333333333
