8 0.23600000000000002 0.735207100591716 0.092 0.3165680473372781
14 0.304 0.6908284023668639 0.176 0.4467455621301775
14 0.428 0.658284023668639 0.092 0.3757396449704142
14 0.52 0.6612426035502958 0.092 0.3994082840236686
14 0.63 0.6686390532544378 0.128 0.42011834319526625
14 0.6990000000000001 0.7144970414201183 0.17400000000000002 0.47041420118343197
8 0.754 0.8150887573964497 0.148 0.3698224852071006
8 0.31 0.8091715976331361 0.148 0.3698224852071006
8 0.465 0.8343195266272189 0.14200000000000002 0.3313609467455621
10 0.47700000000000004 0.7736686390532544 0.326 0.34023668639053256
