16 0.362 0.5893333333333333 0.212 0.42666666666666664
16 0.552 0.6106666666666667 0.164 0.31466666666666665
16 0.8230000000000001 0.624 0.114 0.22933333333333333
6 0.8250000000000001 0.11066666666666666 0.158 0.088
14 0.507 0.36533333333333334 0.07 0.25066666666666665
14 0.58 0.39999999999999997 0.068 0.17066666666666666
14 0.641 0.4653333333333333 0.074 0.33866666666666667
14 0.6960000000000001 0.42533333333333334 0.07200000000000001 0.30133333333333334
14 0.795 0.388 0.154 0.27999999999999997
14 0.9500000000000001 0.5186666666666666 0.1 0.376
