5 0.874 0.5493333333333333 0.252 0.13866666666666666
5 0.308 0.5373333333333333 0.384 0.17333333333333334
14 0.8270000000000001 0.752 0.11800000000000001 0.192
14 0.088 0.6053333333333333 0.04 0.19733333333333333
14 0.74 0.6333333333333333 0.04 0.06133333333333333
14 0.364 0.6466666666666666 0.032 0.088
14 0.32 0.6413333333333333 0.04 0.088
14 0.91 0.5866666666666667 0.036000000000000004 0.09066666666666666
14 0.984 0.5853333333333333 0.032 0.08266666666666667
14 0.9500000000000001 0.5773333333333334 0.032 0.09333333333333332
