8 0.41500000000000004 0.492 0.126 0.17866666666666667
8 0.405 0.5853333333333333 0.154 0.2906666666666667
10 0.47000000000000003 0.49066666666666664 0.12 0.18666666666666665
10 0.5 0.5413333333333333 0.152 0.224
10 0.543 0.5933333333333333 0.17400000000000002 0.2693333333333333
10 0.201 0.48933333333333334 0.106 0.17866666666666667
10 0.196 0.524 0.116 0.20533333333333334
10 0.1 0.7919999999999999 0.196 0.416
10 0.066 0.888 0.128 0.224
10 0.845 0.8893333333333333 0.31 0.22133333333333333
10 0.796 0.8106666666666666 0.40800000000000003 0.37866666666666665
10 0.669 0.7386666666666667 0.294 0.39999999999999997
8 0.506 0.832 0.308 0.33599999999999997
15 0.679 0.26 0.122 0.16266666666666665
15 0.197 0.36533333333333334 0.146 0.37866666666666665
