8 0.215 0.7537537537537538 0.426 0.4924924924924925
8 0.20500000000000002 0.8003003003003003 0.13 0.24324324324324323
8 0.842 0.7792792792792793 0.156 0.36936936936936937
14 0.199 0.6441441441441441 0.294 0.5555555555555556
14 0.601 0.5015015015015015 0.542 0.996996996996997
19 0.8170000000000001 0.6111111111111112 0.23 0.30930930930930933
4 0.76 0.42042042042042044 0.02 0.09009009009009009
14 0.212 0.2822822822822823 0.032 0.2222222222222222
14 0.169 0.28378378378378377 0.054 0.21921921921921922
14 0.148 0.18768768768768768 0.044 0.16516516516516516
