3 0.513 0.372 0.094 0.034666666666666665
3 0.109 0.5626666666666666 0.214 0.096
3 0.178 0.524 0.352 0.12
14 0.23700000000000002 0.54 0.11800000000000001 0.6586666666666666
4 0.292 0.5453333333333333 0.044 0.06666666666666667
14 0.41000000000000003 0.6586666666666666 0.164 0.24
14 0.54 0.776 0.244 0.2826666666666667
14 0.577 0.6213333333333333 0.226 0.21866666666666665
14 0.745 0.6093333333333333 0.14200000000000002 0.4026666666666667
14 0.666 0.6186666666666667 0.084 0.15466666666666667
14 0.896 0.5053333333333333 0.036000000000000004 0.13066666666666665
14 0.924 0.49866666666666665 0.036000000000000004 0.128
