15 0.431 0.45866666666666667 0.082 0.13333333333333333
15 0.274 0.48133333333333334 0.084 0.12
8 0.232 0.5093333333333333 0.07200000000000001 0.11733333333333333
8 0.331 0.5013333333333333 0.078 0.15466666666666667
8 0.258 0.5173333333333333 0.056 0.13333333333333333
8 0.38 0.5066666666666666 0.056 0.10666666666666666
8 0.47900000000000004 0.5506666666666666 0.062 0.17333333333333334
8 0.55 0.5613333333333334 0.07200000000000001 0.16799999999999998
8 0.449 0.5946666666666667 0.082 0.18133333333333332
8 0.372 0.5666666666666667 0.084 0.16266666666666665
8 0.403 0.62 0.10200000000000001 0.21066666666666667
8 0.664 0.6639999999999999 0.124 0.224
8 0.627 0.5333333333333333 0.054 0.144
8 0.7030000000000001 0.49066666666666664 0.066 0.06933333333333333
8 0.6920000000000001 0.5813333333333334 0.084 0.18133333333333332
8 0.749 0.572 0.078 0.15733333333333333
8 0.52 0.4693333333333333 0.044 0.06933333333333333
8 0.89 0.49866666666666665 0.044 0.10666666666666666
8 0.8240000000000001 0.508 0.052000000000000005 0.12
8 0.791 0.49866666666666665 0.05 0.10666666666666666
