6 0.537 0.6597444089456869 0.602 0.3801916932907348
14 0.123 0.24920127795527156 0.098 0.3386581469648562
14 0.203 0.22523961661341851 0.098 0.2460063897763578
14 0.43 0.3722044728434505 0.052000000000000005 0.29073482428115016
14 0.528 0.4488817891373802 0.07200000000000001 0.1693290734824281
14 0.739 0.3753993610223642 0.07 0.2460063897763578
14 0.838 0.38338658146964855 0.044 0.22364217252396165
14 0.872 0.38817891373801916 0.036000000000000004 0.2204472843450479
14 0.89 0.3738019169329073 0.024 0.19808306709265175
14 0.925 0.389776357827476 0.034 0.1853035143769968
