2 0.913 0.6216216216216216 0.08600000000000001 0.3063063063063063
2 0.85 0.6516516516516516 0.148 0.3363363363363363
2 0.772 0.5855855855855856 0.084 0.2702702702702703
2 0.727 0.5615615615615616 0.05 0.25225225225225223
2 0.659 0.6951951951951952 0.078 0.34534534534534533
2 0.5630000000000001 0.6486486486486487 0.09 0.3363363363363363
2 0.653 0.5630630630630631 0.09 0.24924924924924924
2 0.591 0.5255255255255256 0.11 0.27627627627627627
2 0.561 0.44294294294294295 0.042 0.10510510510510511
2 0.486 0.5075075075075075 0.052000000000000005 0.24024024024024024
2 0.434 0.5465465465465466 0.12 0.2702702702702703
2 0.37 0.7522522522522522 0.16 0.35135135135135137
2 0.272 0.7387387387387387 0.12 0.32432432432432434
2 0.181 0.6951951951951952 0.146 0.32732732732732733
2 0.084 0.6381381381381381 0.136 0.3033033033033033
2 0.254 0.5180180180180181 0.07200000000000001 0.14114114114114115
2 0.327 0.539039039039039 0.106 0.2072072072072072
2 0.37 0.496996996996997 0.096 0.2072072072072072
14 0.095 0.1066066066066066 0.074 0.14714714714714713
14 0.039 0.09759759759759759 0.058 0.1891891891891892
