4 0.438 0.584 0.032 0.144
4 0.34400000000000003 0.94 0.048 0.12
8 0.63 0.9293333333333333 0.332 0.14133333333333334
8 0.797 0.8293333333333333 0.234 0.33599999999999997
8 0.185 0.7346666666666667 0.138 0.41333333333333333
10 0.487 0.7879999999999999 0.334 0.424
14 0.6950000000000001 0.72 0.294 0.5599999999999999
14 0.751 0.5933333333333333 0.226 0.36
14 0.484 0.5946666666666667 0.18 0.5493333333333333
14 0.28800000000000003 0.6506666666666666 0.22 0.5973333333333333
15 0.158 0.576 0.216 0.5653333333333334
