4 0.7586666666666666 0.296 0.072 0.124
10 0.5013333333333333 0.6900000000000001 0.9973333333333333 0.62
4 0.18266666666666667 0.295 0.14133333333333334 0.21
4 0.508 0.32 0.08266666666666667 0.212
4 0.3173333333333333 0.28500000000000003 0.08 0.198
4 0.42933333333333334 0.311 0.08 0.202
4 0.352 0.277 0.05333333333333333 0.186
4 0.264 0.272 0.08 0.156
4 0.39066666666666666 0.28300000000000003 0.04 0.178
4 0.48933333333333334 0.231 0.09866666666666667 0.11800000000000001
4 0.39066666666666666 0.21 0.088 0.096
4 0.64 0.304 0.05333333333333333 0.076
4 0.6866666666666666 0.31 0.04 0.07200000000000001
