4 0.4693333333333333 0.425 0.432 0.418
4 0.16266666666666665 0.17500000000000002 0.32 0.34600000000000003
4 0.38 0.198 0.41333333333333333 0.392
4 0.688 0.15 0.448 0.296
4 0.7933333333333333 0.41200000000000003 0.41333333333333333 0.368
4 0.21333333333333332 0.779 0.36266666666666664 0.442
4 0.5386666666666666 0.747 0.44266666666666665 0.41000000000000003
4 0.6786666666666666 0.93 0.32266666666666666 0.14
4 0.9106666666666666 0.902 0.17866666666666667 0.196
4 0.8053333333333333 0.706 0.3893333333333333 0.392
