15 0.6930000000000001 0.608 0.27 0.22933333333333333
8 0.113 0.8026666666666666 0.218 0.3893333333333333
8 0.48 0.7853333333333333 0.14 0.2853333333333333
8 0.554 0.6933333333333334 0.112 0.058666666666666666
8 0.877 0.7133333333333333 0.10200000000000001 0.06666666666666667
10 0.678 0.9146666666666666 0.64 0.17066666666666666
10 0.266 0.7826666666666666 0.152 0.19466666666666665
10 0.707 0.776 0.43 0.11733333333333333
14 0.352 0.66 0.17200000000000001 0.36
14 0.131 0.5973333333333333 0.178 0.23466666666666666
