14 0.093 0.43866666666666665 0.182 0.17333333333333334
14 0.127 0.4573333333333333 0.25 0.5306666666666666
14 0.624 0.6799999999999999 0.752 0.64
14 0.726 0.31466666666666665 0.17200000000000001 0.208
14 0.508 0.364 0.212 0.30666666666666664
14 0.632 0.36266666666666664 0.168 0.39466666666666667
4 0.23900000000000002 0.824 0.062 0.26666666666666666
4 0.33 0.852 0.064 0.17333333333333334
4 0.5 0.5906666666666667 0.048 0.17866666666666667
4 0.365 0.6213333333333333 0.078 0.304
4 0.458 0.5106666666666666 0.044 0.16799999999999998
10 0.527 0.6813333333333333 0.9460000000000001 0.6373333333333333
