4 0.097 0.8066666666666666 0.122 0.38666666666666666
4 0.292 0.6093333333333333 0.068 0.19999999999999998
4 0.438 0.576 0.056 0.29866666666666664
4 0.47000000000000003 0.6666666666666666 0.084 0.36266666666666664
8 0.8140000000000001 0.48933333333333334 0.188 0.3333333333333333
10 0.438 0.7893333333333333 0.868 0.42133333333333334
14 0.11 0.5013333333333333 0.216 0.576
14 0.663 0.39466666666666667 0.35000000000000003 0.5013333333333333
14 0.795 0.5773333333333334 0.41000000000000003 0.8453333333333333
14 0.809 0.17733333333333332 0.298 0.33866666666666667
14 0.866 0.09866666666666667 0.164 0.18133333333333332
