19 0.11900000000000001 0.672514619883041 0.126 0.1695906432748538
17 0.759 0.8289473684210525 0.482 0.3421052631578947
15 0.037 0.6564327485380117 0.066 0.23684210526315788
15 0.34 0.3684210526315789 0.032 0.10526315789473684
15 0.376 0.3640350877192982 0.044 0.1023391812865497
15 0.41100000000000003 0.3698830409356725 0.042 0.09064327485380116
15 0.485 0.3464912280701754 0.058 0.05555555555555555
15 0.55 0.3464912280701754 0.044 0.06725146198830409
15 0.621 0.3611111111111111 0.058 0.10818713450292397
15 0.673 0.35526315789473684 0.054 0.10818713450292397
15 0.6950000000000001 0.5087719298245614 0.038 0.07017543859649122
15 0.649 0.49122807017543857 0.062 0.1111111111111111
15 0.612 0.489766081871345 0.04 0.10818713450292397
15 0.333 0.49122807017543857 0.034 0.1111111111111111
15 0.369 0.5043859649122807 0.03 0.0847953216374269
15 0.42 0.4985380116959064 0.028 0.0847953216374269
15 0.339 0.6081871345029239 0.046 0.10526315789473684
15 0.34900000000000003 0.6286549707602339 0.026000000000000002 0.07017543859649122
15 0.41600000000000004 0.6096491228070176 0.028 0.09649122807017543
15 0.489 0.4546783625730994 0.03 0.09649122807017543
15 0.523 0.45614035087719296 0.034 0.09941520467836257
15 0.552 0.4634502923976608 0.032 0.07894736842105263
15 0.47100000000000003 0.6008771929824561 0.046 0.1608187134502924
15 0.508 0.6345029239766081 0.04 0.08771929824561403
15 0.545 0.6052631578947368 0.054 0.0935672514619883
15 0.661 0.6096491228070176 0.042 0.09064327485380116
15 0.614 0.6081871345029239 0.044 0.09941520467836257
15 0.636 0.6140350877192982 0.04 0.09941520467836257
