15 0.7573333333333333 0.9400000000000001 0.128 0.112
15 0.8653333333333333 0.936 0.11466666666666667 0.10400000000000001
15 0.9546666666666667 0.892 0.09066666666666666 0.128
15 0.9253333333333333 0.719 0.14933333333333332 0.23800000000000002
15 0.896 0.456 0.17066666666666666 0.128
4 0.6293333333333333 0.4 0.03733333333333333 0.10400000000000001
4 0.5906666666666667 0.399 0.04 0.11
4 0.5173333333333333 0.399 0.03733333333333333 0.106
4 0.48533333333333334 0.404 0.042666666666666665 0.1
4 0.43866666666666665 0.405 0.04 0.10200000000000001
4 0.388 0.41300000000000003 0.04533333333333333 0.09
4 0.42533333333333334 0.542 0.04 0.10400000000000001
4 0.3893333333333333 0.542 0.042666666666666665 0.10400000000000001
4 0.3426666666666667 0.542 0.034666666666666665 0.10400000000000001
4 0.32 0.55 0.048 0.092
4 0.27466666666666667 0.542 0.03733333333333333 0.10400000000000001
4 0.24666666666666665 0.547 0.04 0.10200000000000001
4 0.19466666666666665 0.549 0.042666666666666665 0.098
4 0.11466666666666667 0.55 0.042666666666666665 0.096
4 0.08 0.547 0.03733333333333333 0.09
4 0.29866666666666664 0.539 0.032 0.10200000000000001
