15 0.922 0.448 0.148 0.4746666666666666
8 0.5640000000000001 0.8133333333333334 0.424 0.368
8 0.747 0.7493333333333333 0.266 0.5013333333333333
8 0.855 0.6386666666666666 0.114 0.472
10 0.353 0.6786666666666666 0.7020000000000001 0.6426666666666666
14 0.595 0.5906666666666667 0.43 0.6426666666666666
14 0.782 0.3893333333333333 0.272 0.4053333333333333
14 0.595 0.27199999999999996 0.194 0.23466666666666666
14 0.39 0.308 0.148 0.23199999999999998
14 0.228 0.37066666666666664 0.16 0.25066666666666665
14 0.12 0.5946666666666667 0.23600000000000002 0.72
