4 0.59 0.4178272980501393 0.048 0.24512534818941503
4 0.47100000000000003 0.37604456824512533 0.05 0.2116991643454039
4 0.468 0.5933147632311978 0.076 0.3286908077994429
10 0.466 0.6615598885793872 0.612 0.6768802228412256
14 0.192 0.5626740947075209 0.376 0.8746518105849582
14 0.317 0.3774373259052925 0.242 0.4818941504178273
14 0.342 0.3008356545961003 0.22 0.467966573816156
14 0.444 0.23676880222841226 0.176 0.3008356545961003
14 0.738 0.26740947075208915 0.112 0.31754874651810583
14 0.794 0.3147632311977716 0.132 0.3286908077994429
14 0.784 0.40668523676880225 0.224 0.4178272980501393
14 0.785 0.6072423398328691 0.43 0.7855153203342619
