4 0.5680000000000001 0.6082887700534759 0.20800000000000002 0.21657754010695185
14 0.369 0.5922459893048128 0.594 0.8155080213903743
14 0.722 0.5975935828877005 0.3 0.6016042780748663
4 0.398 0.1122994652406417 0.028 0.1229946524064171
4 0.372 0.10828877005347592 0.024 0.12566844919786097
4 0.343 0.10962566844919786 0.026000000000000002 0.1229946524064171
4 0.314 0.10294117647058823 0.028 0.12032085561497326
4 0.28400000000000003 0.1016042780748663 0.024 0.1229946524064171
4 0.258 0.10026737967914438 0.028 0.13101604278074866
4 0.226 0.0962566844919786 0.036000000000000004 0.1336898395721925
4 0.197 0.0962566844919786 0.03 0.1336898395721925
4 0.166 0.0909090909090909 0.028 0.1283422459893048
4 0.134 0.09358288770053476 0.028 0.1283422459893048
4 0.08600000000000001 0.08823529411764705 0.036000000000000004 0.1283422459893048
4 0.052000000000000005 0.08689839572192513 0.032 0.12566844919786097
4 0.015 0.0909090909090909 0.026000000000000002 0.1229946524064171
4 0.28600000000000003 0.23529411764705882 0.02 0.06951871657754011
4 0.257 0.2580213903743315 0.022 0.12566844919786097
4 0.228 0.2566844919786096 0.028 0.1336898395721925
4 0.198 0.2580213903743315 0.028 0.12566844919786097
4 0.169 0.25133689839572193 0.034 0.1443850267379679
4 0.137 0.24866310160427807 0.034 0.1497326203208556
4 0.089 0.24732620320855614 0.03 0.15240641711229946
4 0.056 0.25401069518716574 0.032 0.13903743315508021
10 0.608 0.9064171122994652 0.784 0.18716577540106952
4 0.054 0.7339572192513368 0.044 0.12566844919786097
4 0.024 0.7941176470588235 0.044 0.0909090909090909
