8 0.127 0.8306666666666667 0.25 0.33866666666666667
10 0.496 0.7106666666666667 0.47200000000000003 0.5786666666666667
14 0.8310000000000001 0.6506666666666666 0.338 0.6986666666666667
14 0.785 0.5266666666666666 0.186 0.42933333333333334
14 0.6890000000000001 0.45599999999999996 0.114 0.304
14 0.62 0.368 0.096 0.22933333333333333
14 0.385 0.39466666666666667 0.074 0.14933333333333332
14 0.318 0.45066666666666666 0.092 0.24533333333333332
14 0.234 0.5253333333333333 0.136 0.432
14 0.136 0.6146666666666667 0.268 0.6053333333333333
