8 0.8250000000000001 0.7112299465240641 0.098 0.1818181818181818
8 0.553 0.713903743315508 0.11800000000000001 0.1925133689839572
8 0.382 0.8221925133689839 0.20400000000000001 0.35026737967914434
8 0.369 0.874331550802139 0.218 0.2459893048128342
8 0.63 0.9371657754010695 0.20800000000000002 0.12032085561497326
8 0.145 0.7165775401069518 0.166 0.2620320855614973
8 0.417 0.6336898395721925 0.11800000000000001 0.1978609625668449
8 0.124 0.5802139037433155 0.084 0.13903743315508021
10 0.6880000000000001 0.8877005347593583 0.54 0.2192513368983957
17 0.28800000000000003 0.5895721925133689 0.23600000000000002 0.18449197860962566
