10 0.502 0.7386666666666667 0.672 0.39466666666666667
8 0.128 0.616 0.056 0.208
8 0.178 0.6346666666666666 0.076 0.23466666666666666
8 0.248 0.6639999999999999 0.088 0.27199999999999996
8 0.359 0.7013333333333334 0.154 0.32
8 0.506 0.76 0.196 0.4053333333333333
8 0.335 0.524 0.066 0.056
8 0.405 0.5306666666666666 0.082 0.064
8 0.507 0.536 0.082 0.06933333333333333
8 0.614 0.5453333333333333 0.132 0.07733333333333334
8 0.781 0.5853333333333333 0.11800000000000001 0.14133333333333334
8 0.851 0.6786666666666666 0.28600000000000003 0.6426666666666666
