16 0.707 0.41466666666666663 0.09 0.072
16 0.5680000000000001 0.41333333333333333 0.08 0.08533333333333333
16 0.303 0.4333333333333333 0.078 0.06666666666666667
16 0.4 0.43466666666666665 0.056 0.06933333333333333
16 0.9440000000000001 0.4013333333333333 0.068 0.07733333333333334
16 0.114 0.3773333333333333 0.068 0.056
16 0.244 0.36933333333333335 0.07200000000000001 0.050666666666666665
16 0.272 0.38666666666666666 0.052000000000000005 0.064
16 0.308 0.37066666666666664 0.052000000000000005 0.058666666666666666
16 0.581 0.364 0.026000000000000002 0.06133333333333333
16 0.526 0.31066666666666665 0.02 0.04533333333333333
16 0.579 0.33999999999999997 0.042 0.04533333333333333
