1 0.902 0.5225225225225225 0.17200000000000001 0.18618618618618618
1 0.7010000000000001 0.536036036036036 0.20600000000000002 0.1831831831831832
1 0.495 0.539039039039039 0.17 0.21921921921921922
1 0.41200000000000003 0.7252252252252253 0.228 0.26726726726726724
1 0.177 0.6636636636636637 0.106 0.21621621621621623
14 0.748 0.566066066066066 0.092 0.2012012012012012
14 0.642 0.575075075075075 0.10400000000000001 0.19519519519519518
14 0.34 0.4804804804804805 0.092 0.3783783783783784
14 0.365 0.6231231231231231 0.14200000000000002 0.47147147147147145
14 0.061 0.3963963963963964 0.042 0.13213213213213212
14 0.032 0.5330330330330331 0.06 0.45945945945945943
