16 0.879 0.872 0.182 0.23466666666666666
16 0.881 0.6613333333333333 0.23800000000000002 0.26666666666666666
16 0.961 0.528 0.074 0.096
16 0.709 0.6373333333333333 0.254 0.2826666666666667
16 0.731 0.48533333333333334 0.074 0.07466666666666666
16 0.639 0.5479999999999999 0.146 0.152
16 0.309 0.35466666666666663 0.218 0.432
16 0.123 0.40399999999999997 0.242 0.43466666666666665
16 0.061 0.09866666666666667 0.11800000000000001 0.07466666666666666
16 0.578 0.8373333333333333 0.384 0.3253333333333333
