12 0.934 0.5746666666666667 0.132 0.18933333333333333
12 0.729 0.5733333333333334 0.274 0.29333333333333333
12 0.31 0.6373333333333333 0.132 0.384
12 0.11 0.5453333333333333 0.088 0.13599999999999998
12 0.40700000000000003 0.5146666666666666 0.08600000000000001 0.09066666666666666
14 0.026000000000000002 0.5573333333333333 0.048 0.17066666666666666
14 0.307 0.444 0.13 0.344
14 0.458 0.5786666666666667 0.044 0.22933333333333333
14 0.981 0.476 0.038 0.22133333333333333
14 0.7020000000000001 0.4693333333333333 0.06 0.24
