8 0.185 0.6706666666666666 0.294 0.23199999999999998
8 0.784 0.7573333333333333 0.20800000000000002 0.3893333333333333
19 0.187 0.39199999999999996 0.182 0.192
14 0.9390000000000001 0.6626666666666666 0.122 0.45599999999999996
14 0.8160000000000001 0.47733333333333333 0.116 0.32
14 0.6900000000000001 0.588 0.068 0.4666666666666667
14 0.626 0.4706666666666667 0.108 0.3173333333333333
14 0.552 0.6786666666666666 0.18 0.5093333333333333
14 0.396 0.45599999999999996 0.156 0.3413333333333333
14 0.361 0.7266666666666667 0.21 0.5466666666666666
14 0.24 0.4933333333333333 0.16 0.39999999999999997
14 0.062 0.4093333333333333 0.12 0.312
