4 0.116 0.41466666666666663 0.068 0.21066666666666667
14 0.405 0.6533333333333333 0.374 0.6933333333333334
14 0.754 0.5466666666666666 0.324 0.9066666666666666
14 0.31 0.5506666666666666 0.216 0.6106666666666667
14 0.121 0.6213333333333333 0.23800000000000002 0.7573333333333333
14 0.614 0.21333333333333332 0.14 0.368
14 0.875 0.5013333333333333 0.25 0.9973333333333333
4 0.53 0.8653333333333333 0.056 0.22666666666666666
4 0.603 0.24133333333333332 0.03 0.06133333333333333
14 0.792 0.09866666666666667 0.124 0.192
