4 0.789 0.8533333333333333 0.11 0.29333333333333333
4 0.711 0.7466666666666666 0.074 0.3733333333333333
4 0.499 0.6053333333333333 0.042 0.18133333333333332
19 0.24 0.12666666666666665 0.352 0.248
14 0.177 0.62 0.35000000000000003 0.76
14 0.3 0.6346666666666666 0.332 0.7306666666666667
14 0.466 0.4533333333333333 0.248 0.46399999999999997
14 0.64 0.5386666666666666 0.34400000000000003 0.46399999999999997
14 0.773 0.444 0.134 0.24266666666666667
14 0.897 0.624 0.20600000000000002 0.5439999999999999
10 0.677 0.828 0.646 0.344
